IAH	1;AS;883;9.12;4.78;0.0238;-8.7
IAH	2;OH;38;11.61;8.97;0.0;-6.21
IAH	3;WN;2876;13.42;7.92;0.0163;-4.4
IAH	4;DL;8028;13.61;5.79;0.0112;-4.21
IAH	5;MQ;1463;14.86;7.92;0.0328;-2.96
IAH	6;NK;9792;16.34;9.81;0.0217;-1.48
IAH	7;UA;68547;17.4;12.02;0.0185;-0.42
IAH	8;OO;13015;18.44;13.62;0.0266;0.62
IAH	9;AA;7086;24.59;19.73;0.0279;6.77
IAH	10;B6;736;26.54;20.72;0.0217;8.72
IAH	11;F9;3421;29.41;28.27;0.0313;11.59
IAH	12;YX;55;40.95;34.69;0.0;23.13
ICT	1;WN;1773;2.31;-4.7;0.0023;-8.19
ICT	2;UA;587;2.42;6.14;0.0085;-8.08
ICT	3;9E;168;5.37;1.93;0.0;-5.13
ICT	4;DL;884;7.42;0.55;0.0113;-3.08
ICT	5;MQ;2380;9.86;6.11;0.0172;-0.64
ICT	6;G4;365;12.0;5.01;0.0082;1.5
ICT	7;OO;3243;13.67;9.11;0.0105;3.17
ICT	8;OH;316;21.75;22.87;0.0063;11.25
ICT	9;AA;560;29.01;26.81;0.0286;18.51
IDA	1;DL;96;7.39;9.92;0.0;-3.68
IDA	2;OO;2842;8.05;1.71;0.0053;-3.02
IDA	3;G4;492;29.22;27.49;0.0041;18.15
ILM	1;YX;1354;6.09;4.86;0.0222;-4.12
ILM	2;OO;39;6.54;0.92;0.0;-3.67
ILM	3;9E;1312;7.17;1.54;0.0213;-3.04
ILM	4;MQ;1096;7.48;3.78;0.0082;-2.73
ILM	5;OH;1997;10.59;8.83;0.0155;0.38
ILM	6;DL;783;11.1;4.01;0.014;0.89
ILM	7;AA;1488;17.81;12.37;0.0215;7.6
IMT	1;OO;729;14.52;9.35;0.0123;0.0
IND	1;YX;12727;1.96;-2.6;0.0121;-7.34
IND	2;9E;2416;6.84;-1.08;0.0228;-2.46
IND	3;DL;4495;8.31;1.48;0.0065;-0.99
IND	4;MQ;1063;8.57;3.78;0.0188;-0.73
IND	5;UA;2368;9.17;4.07;0.0186;-0.13
IND	6;OH;295;9.48;6.24;0.0102;0.18
IND	7;AS;539;9.95;6.21;0.0204;0.65
IND	8;WN;11355;11.14;4.12;0.0093;1.84
IND	9;OO;1148;15.34;9.97;0.0148;6.04
IND	10;NK;2320;15.34;8.07;0.0263;6.04
IND	11;G4;1478;15.66;13.19;0.021;6.36
IND	12;AA;6703;15.84;11.66;0.0121;6.54
IND	13;F9;851;20.61;15.81;0.0235;11.31
INL	1;OO;653;13.87;7.16;0.0123;0.0
ISP	1;WN;2847;12.75;3.18;0.0102;-2.3
ISP	2;B6;148;15.31;11.84;0.0;0.26
ISP	3;F9;1782;18.8;7.87;0.0354;3.75
ITH	1;YX;83;6.26;-6.88;0.0361;-1.78
ITH	2;9E;727;8.25;-3.83;0.0289;0.21
ITO	1;WN;1829;-2.45;-5.26;0.0038;-4.58
ITO	2;HA;4928;3.84;3.98;0.0108;1.71
JAC	1;AS;83;3.08;4.05;0.0602;-18.8
