DSM	1;WN;1779;9.15;2.13;0.0096;-4.15
DSM	2;DL;1183;11.43;1.49;0.0101;-1.87
DSM	3;OO;900;12.74;8.22;0.0167;-0.56
DSM	4;OH;476;14.12;10.84;0.0189;0.82
DSM	5;F9;291;15.93;13.87;0.0172;2.63
DSM	6;G4;1724;19.15;14.71;0.0191;5.85
DSM	7;AA;2497;29.56;24.71;0.0168;16.26
DTW	1;YX;4834;3.08;-1.53;0.0161;-8.16
DTW	2;9E;12740;4.81;0.18;0.0093;-6.43
DTW	3;MQ;854;7.19;4.73;0.0281;-4.05
DTW	4;UA;2295;7.2;1.81;0.0109;-4.04
DTW	5;WN;4073;9.15;1.96;0.0066;-2.09
DTW	6;NK;10566;9.82;0.85;0.014;-1.42
DTW	7;AS;510;9.99;4.74;0.0196;-1.25
DTW	8;DL;58870;11.24;5.08;0.0088;0.0
DTW	9;OH;1182;11.42;7.53;0.0195;0.18
DTW	10;B6;1034;14.72;11.79;0.0087;3.48
DTW	11;OO;26180;15.24;11.2;0.0072;4.0
DTW	12;AA;5865;15.54;9.95;0.0179;4.3
DTW	13;F9;2364;21.65;15.9;0.0338;10.41
DVL	1;OO;678;20.03;15.1;0.0428;0.0
EAR	1;OO;105;23.35;17.51;0.0286;0.0
EAU	1;OO;31;25.69;20.17;0.0645;0.0
ECP	1;DL;2350;7.89;2.49;0.0081;-4.68
ECP	2;OO;288;8.5;4.17;0.0069;-4.07
ECP	3;WN;3156;8.85;4.19;0.0076;-3.72
ECP	4;MQ;769;14.59;9.79;0.0182;2.02
ECP	5;OH;1061;16.18;14.55;0.0075;3.61
ECP	6;YX;24;19.79;16.17;0.0;7.22
ECP	7;9E;24;36.92;35.21;0.0;24.35
ECP	8;AA;708;38.01;36.32;0.0198;25.44
EGE	1;OO;1763;11.14;3.99;0.0113;-10.93
EGE	2;DL;179;14.57;5.41;0.0056;-7.5
EGE	3;UA;514;18.53;13.48;0.0156;-3.54
EGE	4;F9;12;26.25;33.83;0.0;4.18
EGE	5;AA;1334;38.87;36.33;0.0135;16.8
EKO	1;OO;366;-0.06;-7.04;0.0055;0.0
ELM	1;G4;296;13.44;5.54;0.0169;-7.74
ELM	2;OO;711;24.36;18.72;0.0028;3.18
ELP	1;YX;31;3.03;-3.38;0.0645;-6.94
ELP	2;UA;353;5.69;-2.38;0.0057;-4.28
ELP	3;OO;2302;6.38;3.37;0.0065;-3.59
ELP	4;DL;714;7.84;1.14;0.0056;-2.13
ELP	5;WN;8916;8.5;2.89;0.0054;-1.47
ELP	6;MQ;1640;10.07;7.15;0.0079;0.1
ELP	7;F9;685;16.4;12.07;0.019;6.43
ELP	8;AA;2761;17.08;14.79;0.017;7.11
ELP	9;G4;92;18.7;15.64;0.0217;8.73
ESC	1;OO;650;10.26;5.0;0.0077;0.0
EUG	1;OO;2552;7.23;2.69;0.0137;-4.3
EUG	2;WN;1732;8.22;0.41;0.0179;-3.31
EUG	3;AS;298;12.26;13.78;0.0235;0.73
EUG	4;UA;1480;12.92;7.7;0.0176;1.39
EUG	5;AA;775;23.13;18.34;0.0168;11.6
EUG	6;G4;348;24.89;21.86;0.0345;13.36
EUG	7;MQ;26;47.42;33.5;0.0;35.89
EVV	1;9E;704;3.02;-4.25;0.0099;-8.42
EVV	2;MQ;726;6.49;2.87;0.0083;-4.95
EVV	3;OH;22;9.36;4.0;0.0;-2.08
EVV	4;OO;427;18.39;15.37;0.007;6.95
EVV	5;DL;25;36.21;26.29;0.04;24.77
EVV	6;G4;202;42.08;34.02;0.0396;30.64
EWN	1;OH;51;68.4;58.49;0.0784;0.0
EWR	1;OO;1;-4.0;9.0;0.0;-18.07
EWR	2;YX;23384;4.22;-3.66;0.0316;-9.85
EWR	3;G4;659;9.33;-0.83;0.0091;-4.74
EWR	4;AS;3270;13.69;5.8;0.0291;-0.38
EWR	5;UA;69151;14.93;7.73;0.0234;0.86
EWR	6;B6;5548;16.28;9.13;0.0202;2.21
EWR	7;NK;10754;17.01;6.46;0.0317;2.94
