AVL	1;B6;83;25.28;23.67;0.012;9.13
AVL	2;AA;489;52.07;46.04;0.0532;35.92
AVP	1;MQ;484;15.23;10.64;0.0124;-4.54
AVP	2;AA;825;18.57;13.48;0.0109;-1.2
AVP	3;OH;239;25.21;11.29;0.0126;5.44
AVP	4;OO;44;64.1;52.45;0.0455;44.33
AZA	1;G4;5884;4.43;-0.96;0.0071;0.0
AZO	1;9E;14;2.64;-2.93;0.0;-8.45
AZO	2;OO;991;11.21;5.64;0.0161;0.12
BDL	1;YX;513;-1.15;-8.01;0.0039;-13.47
BDL	2;MQ;560;5.38;1.68;0.0143;-6.94
BDL	3;UA;2195;6.24;1.53;0.0132;-6.08
BDL	4;9E;366;7.29;1.55;0.0301;-5.03
BDL	5;DL;4022;7.47;-0.3;0.008;-4.85
BDL	6;NK;596;9.46;5.63;0.0185;-2.86
BDL	7;WN;4104;10.68;2.78;0.0066;-1.64
BDL	8;B6;3385;14.99;7.68;0.0136;2.67
BDL	9;AA;3974;15.36;10.05;0.0164;3.04
BDL	10;OH;1489;17.79;12.59;0.0255;5.47
BDL	11;OO;69;18.63;18.59;0.0145;6.31
BDL	12;F9;1029;36.47;31.18;0.0292;24.15
BET	1;AS;726;8.41;12.03;0.011;0.0
BFF	1;OO;627;9.97;9.16;0.0271;0.0
BFL	1;MQ;338;1.46;-4.22;0.003;-5.51
BFL	2;OO;1421;4.94;-1.5;0.0042;-2.03
BFL	3;AA;922;12.17;7.56;0.0108;5.2
BGM	1;9E;367;13.08;7.25;0.0327;0.0
BGR	1;9E;1262;2.57;-6.16;0.0404;-9.04
BGR	2;YX;1015;10.15;3.25;0.0463;-1.46
BGR	3;OH;811;10.8;-0.09;0.0308;-0.81
BGR	4;MQ;249;11.9;12.59;0.0161;0.29
BGR	5;OO;156;15.46;14.63;0.0064;3.85
BGR	6;G4;535;18.8;3.99;0.028;7.19
BGR	7;AA;608;26.05;24.85;0.0197;14.44
BHM	1;UA;4;-4.25;-11.5;0.0;-15.95
BHM	2;YX;385;-1.21;-3.86;0.0104;-12.91
BHM	3;DL;2922;6.28;1.18;0.0089;-5.42
BHM	4;9E;1115;6.88;-0.66;0.035;-4.82
BHM	5;MQ;2463;9.52;6.18;0.0102;-2.18
BHM	6;NK;73;10.16;11.7;0.0;-1.54
BHM	7;WN;4303;12.43;7.38;0.0084;0.73
BHM	8;OO;1597;14.4;10.03;0.0088;2.7
BHM	9;OH;3980;15.12;11.28;0.0148;3.42
BHM	10;AA;391;39.14;37.43;0.0153;27.44
BIH	1;OO;274;19.79;8.94;0.0693;0.0
BIL	1;UA;736;1.98;-1.27;0.0068;-4.15
BIL	2;OO;1344;2.1;-0.82;0.006;-4.03
BIL	3;DL;788;5.44;2.26;0.0127;-0.69
BIL	4;MQ;916;11.37;9.25;0.0044;5.24
BIL	5;G4;365;17.76;16.01;0.0137;11.63
BIS	1;9E;10;1.6;16.0;0.0;-9.65
BIS	2;DL;630;6.7;-0.39;0.0063;-4.55
BIS	3;G4;543;6.89;-3.07;0.0147;-4.36
