GRI	1;G4;225;18.77;13.06;0.0178;-2.11
GRI	2;OO;729;21.52;18.7;0.0165;0.64
GRK	1;MQ;1301;12.76;9.78;0.0138;-0.1
GRK	2;OO;495;13.11;11.21;0.0384;0.25
GRR	1;YX;2050;2.26;-3.4;0.0205;-8.31
GRR	2;9E;937;4.78;-2.33;0.0406;-5.79
GRR	3;DL;2854;5.32;-2.75;0.0095;-5.25
GRR	4;UA;1413;5.94;2.82;0.0106;-4.63
GRR	5;G4;2167;8.63;2.51;0.0134;-1.94
GRR	6;WN;1961;9.15;5.41;0.0051;-1.42
GRR	7;OO;2115;14.84;11.0;0.0189;4.27
GRR	8;MQ;743;15.32;13.81;0.0175;4.75
GRR	9;OH;720;15.48;15.19;0.0278;4.91
GRR	10;AA;2526;19.79;15.51;0.0123;9.22
GRR	11;F9;751;26.23;19.66;0.0346;15.66
GSO	1;DL;2415;4.65;-3.73;0.0066;-4.2
GSO	2;9E;1557;5.12;-2.86;0.0276;-3.73
GSO	3;OO;1017;5.81;3.69;0.0059;-3.04
GSO	4;YX;1622;5.91;1.69;0.0308;-2.94
GSO	5;OH;2544;7.8;6.82;0.0114;-1.05
GSO	6;MQ;1329;8.59;5.54;0.006;-0.26
GSO	7;AA;1325;26.96;23.19;0.0272;18.11
GSO	8;G4;142;31.27;31.5;0.0282;22.42
GSP	1;DL;2620;4.04;-4.31;0.0092;-5.06
GSP	2;YX;2132;4.81;-0.45;0.0253;-4.29
GSP	3;OO;984;6.92;2.68;0.0132;-2.18
GSP	4;WN;1497;7.27;0.34;0.0047;-1.83
GSP	5;9E;1383;7.47;-0.08;0.0217;-1.63
GSP	6;UA;467;7.7;2.97;0.015;-1.4
GSP	7;OH;3902;8.84;6.78;0.01;-0.26
GSP	8;MQ;1664;10.19;8.34;0.009;1.09
GSP	9;AA;1344;26.34;19.51;0.0246;17.24
GSP	10;G4;329;28.83;25.15;0.0304;19.73
GST	1;AS;90;2.4;-0.36;0.0667;0.0
GTF	1;OO;2006;3.72;-1.43;0.005;-2.98
GTF	2;UA;256;7.93;-2.7;0.0234;1.23
GTF	3;G4;174;39.31;38.39;0.0057;32.61
GTR	1;9E;732;2.36;-3.88;0.0109;0.0
GUC	1;OO;725;7.22;-1.62;0.011;-4.12
GUC	2;AA;124;35.58;35.98;0.0161;24.24
GUM	1;UA;732;1.07;-9.86;0.0082;0.0
HDN	1;MQ;24;8.42;6.92;0.0;-7.44
HDN	2;WN;609;9.31;4.02;0.0099;-6.55
HDN	3;OO;898;11.35;3.67;0.0111;-4.51
HDN	4;UA;606;11.68;4.13;0.0132;-4.18
HDN	5;DL;134;12.64;7.66;0.0;-3.22
HDN	6;AA;185;47.71;48.92;0.0054;31.85
HDN	7;B6;60;104.0;103.37;0.0167;88.14
HGR	1;G4;296;35.12;32.46;0.0304;0.0
HHH	1;MQ;1107;9.99;7.9;0.019;-2.91
HHH	2;YX;767;17.14;12.12;0.0274;4.24
HIB	1;OO;629;8.5;2.19;0.0111;0.0
HLN	1;OO;1557;11.54;7.34;0.0058;0.0
HNL	1;WN;14583;2.42;-3.82;0.0037;-3.39
HNL	2;HA;31606;5.38;4.45;0.0106;-0.43
HNL	3;AA;2258;5.88;-6.19;0.0004;0.07
