BRW	1;AS;364;10.08;11.36;0.0522;0.0
BTM	1;OO;690;-4.98;-14.18;0.0;0.0
BTR	1;DL;909;7.5;0.74;0.0121;-5.4
BTR	2;9E;502;9.59;5.52;0.0179;-3.31
BTR	3;OO;590;13.84;9.38;0.0288;0.94
BTR	4;MQ;993;14.03;11.46;0.0211;1.13
BTR	5;OH;1920;15.44;11.54;0.0167;2.54
BTR	6;UA;4;24.0;24.0;0.0;11.1
BTV	1;F9;12;2.5;-2.42;0.0;-7.91
BTV	2;YX;1683;2.65;-5.91;0.022;-7.76
BTV	3;B6;6;3.0;-0.67;0.0;-7.41
BTV	4;UA;1117;8.15;6.52;0.017;-2.26
BTV	5;MQ;336;8.93;10.5;0.0208;-1.48
BTV	6;DL;468;9.2;1.22;0.0171;-1.21
BTV	7;9E;1783;9.89;1.7;0.028;-0.52
BTV	8;OO;245;12.37;6.67;0.0;1.96
BTV	9;OH;1757;16.91;12.01;0.0182;6.5
BTV	10;AA;713;18.42;12.9;0.0126;8.01
BTV	11;G4;2;38.0;15.0;0.5;27.59
BUF	1;YX;2773;6.13;1.44;0.0361;-5.02
BUF	2;MQ;497;6.77;2.55;0.0101;-4.38
BUF	3;9E;1924;8.81;0.6;0.0301;-2.34
BUF	4;WN;5346;9.8;2.33;0.0166;-1.35
BUF	5;B6;3451;9.93;5.26;0.0209;-1.22
BUF	6;DL;2130;10.3;2.42;0.0117;-0.85
BUF	7;UA;997;11.28;9.45;0.0211;0.13
BUF	8;OO;809;16.07;9.71;0.0297;4.92
BUF	9;AA;2182;17.92;15.04;0.0137;6.77
BUF	10;OH;901;18.03;17.12;0.0255;6.88
BUF	11;F9;1156;18.56;12.23;0.0389;7.41
BUR	1;AS;2247;3.96;2.67;0.0218;-5.62
BUR	2;WN;18651;7.48;0.29;0.0099;-2.1
BUR	3;F9;74;8.77;13.18;0.0;-0.81
BUR	4;OO;4120;11.44;9.31;0.01;1.86
BUR	5;UA;1594;12.55;9.46;0.0157;2.97
BUR	6;NK;1919;14.2;11.37;0.0177;4.62
BUR	7;AA;1239;19.92;14.96;0.0097;10.34
BUR	8;DL;445;21.5;14.88;0.0067;11.92
BUR	9;MQ;47;42.34;33.94;0.0;32.76
BUR	10;B6;300;46.24;39.74;0.02;36.66
BWI	1;OO;9;-5.78;-11.11;0.0;-21.14
BWI	2;MQ;541;3.43;-3.69;0.0129;-11.93
BWI	3;UA;3625;6.2;-0.11;0.0179;-9.16
BWI	4;OH;27;6.63;4.37;0.0;-8.73
BWI	5;B6;222;7.17;3.6;0.0225;-8.19
