HNL	1;DL;3685;8.86;-2.84;0.0068;3.05
HNL	2;UA;5039;10.82;-1.48;0.0113;5.01
HNL	3;AS;4377;12.11;4.28;0.0265;6.3
HOB	1;OO;444;24.11;16.86;0.0135;0.0
HOU	1;MQ;1790;12.49;8.67;0.0408;-0.8
HOU	2;WN;52441;13.02;4.81;0.0109;-0.27
HOU	3;OO;371;13.45;13.26;0.0108;0.16
HOU	4;DL;1600;13.97;8.76;0.01;0.68
HOU	5;F9;358;22.58;16.71;0.0475;9.29
HOU	6;G4;346;35.44;33.77;0.0173;22.15
HOU	7;OH;152;37.82;33.08;0.0724;24.53
HPN	1;YX;59;7.47;1.05;0.0;-5.91
HPN	2;MQ;1208;9.38;3.24;0.0182;-4.0
HPN	3;B6;5288;9.48;3.58;0.0144;-3.9
HPN	4;9E;956;11.85;1.15;0.0146;-1.53
HPN	5;DL;979;13.85;2.32;0.0092;0.47
HPN	6;OH;2796;16.64;13.65;0.0243;3.26
HPN	7;OO;1046;30.44;23.08;0.021;17.06
HRL	1;OO;250;2.71;0.11;0.016;-5.09
HRL	2;DL;208;3.18;-7.45;0.0048;-4.62
HRL	3;MQ;1581;7.05;5.07;0.0152;-0.75
HRL	4;WN;2266;9.29;5.78;0.0057;1.49
HSV	1;YX;229;1.74;0.41;0.0175;-11.15
HSV	2;DL;1958;3.81;-4.27;0.0107;-9.08
HSV	3;9E;590;7.4;2.61;0.0153;-5.49
HSV	4;OO;1720;15.01;10.93;0.0093;2.12
HSV	5;MQ;1840;16.21;12.15;0.0163;3.32
HSV	6;OH;2546;18.33;16.23;0.0208;5.44
HSV	7;AA;13;23.15;15.38;0.0;10.26
HTS	1;G4;426;42.79;41.86;0.0329;0.0
HYA	1;YX;165;12.72;18.6;0.0121;-14.02
HYA	2;B6;104;50.3;54.45;0.0673;23.56
HYS	1;OO;670;11.01;4.13;0.0194;0.0
IAD	1;MQ;26;3.96;8.24;0.0385;-6.18
IAD	2;9E;388;4.14;-5.31;0.0026;-6.0
IAD	3;YX;8217;4.27;-1.43;0.0131;-5.87
IAD	4;UA;32249;10.04;3.46;0.0147;-0.1
IAD	5;AS;2100;10.71;5.51;0.0152;0.57
IAD	6;WN;1139;11.24;2.62;0.0026;1.1
IAD	7;DL;3225;11.92;0.93;0.0074;1.78
IAD	8;OH;1657;13.3;5.48;0.0109;3.16
IAD	9;F9;100;18.2;15.76;0.0;8.06
IAD	10;AA;741;19.09;9.54;0.0162;8.95
IAD	11;OO;2704;19.34;14.02;0.0141;9.2
IAD	12;G4;345;34.67;26.79;0.0174;24.53
IAG	1;G4;383;23.66;18.14;0.0209;0.0
