PSP	1;AS;1518;3.34;0.91;0.0369;-5.35
PSP	2;DL;662;6.91;-2.23;0.003;-1.78
PSP	3;MQ;118;7.34;4.08;0.0254;-1.35
PSP	4;WN;2610;7.74;1.82;0.0027;-0.95
PSP	5;F9;20;8.0;10.75;0.0;-0.69
PSP	6;OO;5438;8.11;6.8;0.0075;-0.58
PSP	7;G4;102;9.81;5.96;0.0;1.12
PSP	8;UA;1473;10.35;3.89;0.0048;1.66
PSP	9;AA;1787;14.62;10.63;0.0123;5.93
PSP	10;B6;79;30.13;19.23;0.0127;21.44
PVD	1;YX;1008;2.19;-4.51;0.0079;-9.3
PVD	2;UA;134;8.98;6.77;0.0149;-2.51
PVD	3;MQ;465;9.82;10.02;0.0043;-1.67
PVD	4;B6;1594;9.89;3.13;0.0088;-1.6
PVD	5;WN;4888;10.0;1.33;0.0115;-1.49
PVD	6;OO;563;11.41;9.0;0.0053;-0.08
PVD	7;9E;744;12.2;4.15;0.0228;0.71
PVD	8;OH;1643;13.05;10.33;0.0213;1.56
PVD	9;DL;1364;13.84;4.28;0.0103;2.35
PVD	10;AA;2210;16.81;11.77;0.009;5.32
PVD	11;G4;237;21.45;11.83;0.0042;9.96
PVU	1;G4;1878;10.86;7.08;0.0048;-1.72
PVU	2;OO;309;23.12;20.92;0.0129;10.54
PWM	1;YX;3581;5.73;-1.23;0.0226;-7.56
PWM	2;MQ;301;6.32;4.64;0.0066;-6.97
PWM	3;UA;827;7.09;3.93;0.0193;-6.2
PWM	4;DL;749;11.97;3.92;0.012;-1.32
PWM	5;F9;433;12.47;2.82;0.0531;-0.82
PWM	6;WN;1535;13.79;6.45;0.0085;0.5
PWM	7;OH;777;15.98;10.16;0.0154;2.69
PWM	8;OO;440;16.52;8.52;0.0068;3.23
PWM	9;B6;365;16.65;11.57;0.0466;3.36
PWM	10;9E;894;20.95;13.92;0.0425;7.66
PWM	11;AA;1772;26.55;20.76;0.0214;13.26
RAP	1;UA;1023;6.56;2.78;0.0176;-5.75
RAP	2;G4;448;9.89;5.67;0.0112;-2.42
RAP	3;MQ;1189;12.08;7.98;0.0076;-0.23
RAP	4;OO;2149;13.19;5.67;0.0116;0.88
RAP	5;DL;95;13.7;14.2;0.0316;1.39
RAP	6;9E;197;16.04;10.37;0.0;3.73
RAP	7;AA;132;46.02;48.29;0.0152;33.71
RDD	1;OO;1487;8.74;4.55;0.0047;0.0
RDM	1;AS;462;5.01;9.37;0.026;-10.35
RDM	2;MQ;405;9.76;1.13;0.0049;-5.6
RDM	3;OO;3823;11.65;10.19;0.0204;-3.71
RDM	4;UA;1094;25.56;19.1;0.0155;10.2
RDM	5;AA;132;90.9;86.08;0.0152;75.54
RDU	1;YX;5645;5.06;2.84;0.0145;-7.97
