BIS	1;MQ;602;9.4;5.55;0.0033;-1.85
BIS	2;OO;2189;14.2;8.37;0.0101;2.95
BJI	1;OO;730;15.83;9.92;0.0096;0.0
BLI	1;G4;959;0.99;-3.77;0.0063;-5.7
BLI	2;WN;620;8.83;2.15;0.0065;2.14
BLI	3;OO;965;11.0;12.4;0.0073;4.31
BLV	1;G4;1098;21.24;15.07;0.0255;0.0
BMI	1;9E;731;7.53;0.36;0.0123;-2.99
BMI	2;MQ;729;8.51;2.68;0.0165;-2.01
BMI	3;F9;60;9.53;12.97;0.0333;-0.99
BMI	4;G4;230;26.7;23.46;0.0174;16.18
BNA	1;YX;5723;3.35;0.69;0.0121;-8.42
BNA	2;DL;8388;4.43;-1.66;0.0087;-7.34
BNA	3;AS;1213;7.64;-1.87;0.0107;-4.13
BNA	4;WN;51001;10.99;3.78;0.0084;-0.78
BNA	5;G4;3029;11.4;5.74;0.0145;-0.37
BNA	6;MQ;2539;11.91;9.63;0.0232;0.14
BNA	7;UA;6246;11.94;7.05;0.0157;0.17
BNA	8;OH;2402;12.66;10.32;0.02;0.89
BNA	9;OO;4137;13.53;9.45;0.0169;1.76
BNA	10;B6;1354;15.82;9.06;0.0177;4.05
BNA	11;F9;764;16.24;15.45;0.0183;4.47
BNA	12;NK;3808;19.01;10.16;0.0284;7.24
BNA	13;9E;1189;20.85;17.42;0.0378;9.08
BNA	14;AA;8427;23.63;21.54;0.0215;11.86
BOI	1;AS;625;4.36;3.81;0.0064;-2.28
BOI	2;OO;11307;4.76;2.86;0.0034;-1.88
BOI	3;MQ;267;6.61;2.83;0.0037;-0.03
BOI	4;WN;4745;6.84;0.36;0.0027;0.2
BOI	5;UA;1369;7.17;2.23;0.0205;0.53
BOI	6;NK;542;8.48;4.36;0.0203;1.84
BOI	7;DL;2747;8.84;2.98;0.0084;2.2
BOI	8;AA;904;12.07;6.83;0.0144;5.43
BOI	9;G4;353;33.1;31.71;0.0085;26.46
BOS	1;9E;8;-3.71;-17.86;0.125;-15.72
BOS	2;G4;519;3.25;-4.48;0.025;-8.76
BOS	3;YX;26579;3.8;-1.54;0.016;-8.21
BOS	4;OO;2;9.5;23.5;0.0;-2.51
BOS	5;UA;12459;10.3;2.37;0.0174;-1.71
BOS	6;AS;2588;11.37;4.27;0.0162;-0.64
BOS	7;DL;25697;12.37;2.46;0.0094;0.36
BOS	8;MQ;1931;13.04;5.55;0.015;1.03
BOS	9;WN;6635;13.2;3.5;0.0087;1.19
BOS	10;B6;41180;14.5;7.36;0.0134;2.49
BOS	11;AA;17181;14.96;4.67;0.0136;2.95
BOS	12;F9;1480;17.89;14.45;0.0236;5.88
BOS	13;HA;221;19.39;16.95;0.009;7.38
BOS	14;NK;7010;21.13;12.25;0.0328;9.12
BPT	1;OO;542;6.77;1.14;0.0203;-2.63
BPT	2;MQ;188;16.97;12.91;0.0213;7.57
BQK	1;9E;142;7.49;8.09;0.0;-8.16
BQK	2;OO;653;17.43;19.48;0.0031;1.78
BQN	1;B6;1585;15.32;11.37;0.0126;-1.58
BQN	2;F9;495;17.86;6.46;0.0121;0.96
BQN	3;UA;366;22.51;12.81;0.0301;5.61
BRD	1;OO;649;7.3;2.34;0.0062;0.0
BRO	1;MQ;1242;5.69;3.63;0.0145;-3.3
BRO	2;OO;720;14.76;11.02;0.0278;5.77
