JAC	1;OO;1150;10.09;3.85;0.0157;-11.79
JAC	2;DL;1303;16.41;7.75;0.0084;-5.47
JAC	3;UA;2036;16.58;10.85;0.0192;-5.3
JAC	4;AA;1053;53.08;48.89;0.0114;31.2
JAN	1;DL;2003;3.95;-2.39;0.006;-7.56
JAN	2;9E;248;5.64;3.44;0.004;-5.87
JAN	3;WN;1755;11.15;5.77;0.008;-0.36
JAN	4;OO;448;15.54;12.63;0.0089;4.03
JAN	5;MQ;1080;17.17;13.72;0.0213;5.66
JAN	6;OH;1333;18.68;15.88;0.024;7.17
JAX	1;OO;163;6.73;3.03;0.0245;-5.93
JAX	2;YX;1672;6.82;1.32;0.0173;-5.84
JAX	3;9E;909;7.64;-0.2;0.0275;-5.02
JAX	4;WN;4758;8.56;2.71;0.0099;-4.1
JAX	5;MQ;1180;9.69;7.31;0.0136;-2.97
JAX	6;UA;3805;9.96;5.65;0.0142;-2.7
JAX	7;DL;5836;11.0;5.43;0.0113;-1.66
JAX	8;F9;910;14.93;12.43;0.0286;2.27
JAX	9;G4;728;15.54;12.19;0.0137;2.88
JAX	10;OH;1052;15.65;12.19;0.0143;2.99
JAX	11;AA;7369;17.95;15.51;0.0189;5.29
JAX	12;B6;1836;19.39;15.04;0.0207;6.73
JFK	1;YX;17238;4.39;-2.42;0.0215;-8.44
JFK	2;AS;3787;7.9;-0.22;0.0301;-4.93
JFK	3;9E;17133;8.26;1.1;0.0345;-4.57
JFK	4;HA;368;11.14;8.33;0.0109;-1.69
JFK	5;AA;14504;11.74;0.72;0.0113;-1.09
JFK	6;DL;30444;12.93;1.92;0.0094;0.1
JFK	7;F9;828;17.16;11.2;0.0109;4.33
JFK	8;B6;36115;19.03;10.7;0.0186;6.2
JFK	9;OO;2931;21.89;14.08;0.029;9.06
JLN	1;OO;627;18.15;10.96;0.0191;0.0
JMS	1;OO;615;15.9;12.21;0.0569;0.0
JNU	1;AS;4587;1.51;0.6;0.0187;-0.28
JNU	2;DL;151;10.27;2.87;0.0;8.48
JST	1;OO;731;19.53;12.38;0.0233;0.0
KOA	1;WN;3402;-1.07;-6.48;0.0047;-5.56
KOA	2;HA;7780;3.25;2.78;0.0082;-1.24
KOA	3;DL;732;6.08;-4.54;0.0205;1.59
KOA	4;AS;2052;8.93;1.68;0.0307;4.44
KOA	5;UA;1610;9.78;-1.48;0.0161;5.29
KOA	6;AA;751;17.8;8.13;0.0;13.31
