OAJ	1;DL;304;3.37;-2.2;0.0132;-7.22
OAJ	2;9E;548;7.9;0.57;0.0;-2.69
OAJ	3;OH;945;14.52;11.75;0.018;3.93
OAK	1;HA;1010;-1.22;-2.9;0.0198;-9.76
OAK	2;OO;1350;2.11;-1.7;0.003;-6.43
OAK	3;G4;156;2.67;2.9;0.0128;-5.87
OAK	4;AS;726;4.34;-2.57;0.0234;-4.2
OAK	5;DL;567;5.2;-3.85;0.0141;-3.34
OAK	6;NK;2863;9.1;4.94;0.0192;0.56
OAK	7;WN;34697;9.2;2.12;0.0052;0.66
OGG	1;WN;6684;0.09;-6.04;0.0051;-3.77
OGG	2;UA;1868;3.89;-8.26;0.0102;0.03
OGG	3;HA;13588;4.15;2.61;0.0093;0.29
OGG	4;AA;1260;8.35;-1.36;0.004;4.49
OGG	5;DL;1021;8.38;-3.74;0.0118;4.52
OGG	6;AS;2122;9.26;2.23;0.0358;5.4
OKC	1;DL;1724;2.46;-5.63;0.0087;-6.65
OKC	2;AS;347;4.61;5.33;0.0231;-4.5
OKC	3;YX;956;6.4;1.8;0.0157;-2.71
OKC	4;F9;464;6.63;0.58;0.0151;-2.48
OKC	5;MQ;2128;7.79;4.22;0.0188;-1.32
OKC	6;WN;7282;7.86;2.42;0.006;-1.25
OKC	7;OO;6690;8.77;5.13;0.0064;-0.34
OKC	8;G4;154;13.93;11.84;0.0065;4.82
OKC	9;UA;30;16.13;17.83;0.0;7.02
OKC	10;AA;2708;18.4;16.37;0.0185;9.29
OKC	11;OH;307;25.43;22.18;0.0195;16.32
OKC	12;9E;4;36.75;39.0;0.0;27.64
OMA	1;YX;1045;3.84;0.49;0.0144;-7.47
OMA	2;AS;470;5.56;2.83;0.0149;-5.75
OMA	3;MQ;547;6.36;3.21;0.0128;-4.95
OMA	4;DL;1902;7.58;-1.24;0.01;-3.73
OMA	5;9E;497;9.77;5.01;0.0302;-1.54
OMA	6;UA;2890;10.46;7.98;0.0159;-0.85
OMA	7;WN;7854;10.88;3.97;0.0103;-0.43
OMA	8;OO;4308;11.09;7.18;0.0084;-0.22
OMA	9;G4;556;14.28;9.92;0.0216;2.97
OMA	10;AA;3170;17.62;12.79;0.0129;6.31
OMA	11;OH;91;20.84;20.02;0.011;9.53
OMA	12;F9;436;23.54;23.1;0.0183;12.23
OME	1;AS;365;-0.93;3.36;0.0356;0.0
ONT	1;MQ;66;-4.27;-8.71;0.0;-13.22
ONT	2;AS;1414;3.72;0.38;0.024;-5.23
ONT	3;DL;1840;4.46;-5.87;0.0092;-4.49
ONT	4;OO;2709;5.43;2.67;0.0041;-3.52
ONT	5;UA;1437;6.64;-1.5;0.0084;-2.31
ONT	6;WN;11100;7.61;0.14;0.0035;-1.34
ONT	7;HA;368;7.9;6.31;0.0054;-1.05
ONT	8;F9;3505;14.94;12.3;0.0203;5.99
ONT	9;B6;300;15.11;5.06;0.02;6.16
ONT	10;AA;3436;15.38;9.29;0.0116;6.43
ORD	1;YX;17102;4.6;-1.7;0.0094;-10.65
ORD	2;WN;6793;10.33;2.93;0.0159;-4.92
ORD	3;MQ;33887;10.97;7.44;0.0117;-4.28
ORD	4;9E;79;11.64;10.86;0.0127;-3.61
ORD	5;AS;3160;13.31;8.31;0.0146;-1.94
ORD	6;UA;89830;13.55;7.12;0.0132;-1.7
ORD	7;DL;10994;15.18;8.03;0.0112;-0.07
ORD	8;OO;53807;16.96;12.38;0.0174;1.71
ORD	9;AA;51995;21.6;16.93;0.011;6.35
