KTN	1;AS;2421;0.59;-2.56;0.0182;-1.07
KTN	2;OO;94;29.11;32.22;0.0213;27.45
LAN	1;9E;146;6.64;0.34;0.0205;-9.67
LAN	2;OO;858;17.4;14.02;0.007;1.09
LAN	3;OH;294;17.93;17.65;0.0306;1.62
LAR	1;OO;627;10.23;8.04;0.0367;0.0
LAS	1;G4;7539;8.17;3.23;0.006;-4.72
LAS	2;DL;16263;8.56;0.56;0.0073;-4.33
LAS	3;UA;14306;9.39;3.12;0.0171;-3.5
LAS	4;NK;26247;10.42;4.61;0.0116;-2.47
LAS	5;AS;5436;10.69;8.95;0.0221;-2.2
LAS	6;WN;85662;13.81;5.82;0.0052;0.92
LAS	7;F9;13091;14.81;11.19;0.0141;1.92
LAS	8;OO;2236;15.05;17.38;0.0152;2.16
LAS	9;B6;3012;19.28;9.45;0.0076;6.39
LAS	10;AA;14022;19.59;12.25;0.0106;6.7
LAS	11;HA;1412;19.71;17.75;0.0028;6.82
LAS	12;MQ;26;66.96;60.15;0.0;54.07
LAW	1;OO;935;13.08;10.73;0.0353;-0.51
LAW	2;MQ;151;16.71;9.8;0.0265;3.12
LAX	1;AS;9281;5.27;1.47;0.0187;-5.0
LAX	2;OO;38410;6.16;4.01;0.0036;-4.11
LAX	3;UA;27366;8.41;0.42;0.0171;-1.86
LAX	4;B6;9196;9.23;1.27;0.0034;-1.04
LAX	5;DL;36344;9.62;3.2;0.0067;-0.65
LAX	6;NK;11467;10.04;2.52;0.0116;-0.23
LAX	7;G4;1038;11.07;7.23;0.0077;0.8
LAX	8;WN;25868;11.54;4.36;0.0044;1.27
LAX	9;MQ;55;13.04;10.36;0.0;2.77
LAX	10;HA;2324;13.81;10.56;0.0125;3.54
LAX	11;AA;30404;17.07;9.72;0.0066;6.8
LAX	12;F9;2300;28.72;28.55;0.0187;18.45
LBB	1;WN;2637;6.55;-0.74;0.008;-3.96
LBB	2;OO;1182;10.92;8.78;0.0203;0.41
LBB	3;MQ;1946;11.29;9.15;0.019;0.78
LBB	4;AA;425;30.8;28.48;0.0259;20.29
LBE	1;NK;576;4.98;-4.2;0.0243;0.0
LBF	1;OO;628;7.5;7.15;0.0191;0.0
LBL	1;OO;566;10.41;6.76;0.0353;0.0
LCH	1;OO;1010;19.87;16.52;0.0228;-1.23
LCH	2;MQ;76;37.92;38.33;0.0526;16.82
LCK	1;G4;958;16.6;13.53;0.0251;0.0
LEX	1;YX;756;2.5;0.42;0.0079;-9.25
LEX	2;9E;215;4.83;-1.7;0.0;-6.92
LEX	3;DL;1846;5.89;-5.75;0.0114;-5.86
LEX	4;MQ;1018;8.85;2.27;0.0147;-2.9
LEX	5;OO;1886;9.84;4.07;0.0095;-1.91
LEX	6;OH;1519;11.43;6.89;0.0099;-0.32
LEX	7;G4;830;24.13;22.42;0.0229;12.38
LEX	8;AA;1068;27.13;25.55;0.0253;15.38
LFT	1;9E;802;6.76;0.73;0.0125;-9.33
LFT	2;MQ;415;13.94;9.82;0.012;-2.15
LFT	3;OO;949;14.75;8.44;0.0148;-1.34
LFT	4;OH;1088;25.12;23.27;0.0349;9.03
LFT	5;NK;1;73.0;59.0;0.0;56.91
LGA	1;YX;42015;3.12;-4.53;0.0231;-7.58
LGA	2;9E;32064;7.33;-3.04;0.035;-3.37
LGA	3;UA;8310;9.61;2.05;0.0206;-1.09
LGA	4;NK;8104;13.12;2.87;0.0244;2.42
LGA	5;DL;27439;14.07;3.88;0.0139;3.37
LGA	6;WN;11626;15.1;2.47;0.0175;4.4
LGA	7;AA;16671;16.58;8.67;0.023;5.88
