SPN	1;UA;366;-1.21;-4.5;0.0055;0.0
SPS	1;MQ;111;8.0;-0.24;0.009;-3.56
SPS	2;OO;614;12.21;8.15;0.0195;0.65
SRQ	1;G4;2619;5.85;2.31;0.037;-6.99
SRQ	2;WN;4241;10.61;5.27;0.038;-2.23
SRQ	3;DL;3016;10.88;6.84;0.0312;-1.96
SRQ	4;UA;1710;11.2;6.23;0.031;-1.64
SRQ	5;YX;220;11.9;12.74;0.0364;-0.94
SRQ	6;OH;386;15.38;10.32;0.044;2.54
SRQ	7;B6;769;16.94;13.67;0.039;4.1
SRQ	8;MQ;17;21.06;6.31;0.0588;8.22
SRQ	9;AA;2631;21.65;19.26;0.0323;8.81
SRQ	10;F9;542;25.15;24.66;0.0443;12.31
SRQ	11;OO;50;64.2;63.41;0.02;51.36
STC	1;G4;149;11.41;-0.69;0.0134;0.0
STL	1;AS;779;4.17;-0.75;0.0116;-7.62
STL	2;9E;1484;5.14;-2.71;0.035;-6.65
STL	3;YX;2057;5.32;-1.06;0.0131;-6.47
STL	4;DL;5528;5.91;-0.6;0.0072;-5.88
STL	5;MQ;1767;11.18;7.27;0.0209;-0.61
STL	6;WN;41199;11.45;5.03;0.0078;-0.34
STL	7;UA;3035;14.42;11.27;0.0129;2.63
STL	8;OH;450;17.06;14.09;0.0178;5.27
STL	9;OO;569;17.58;11.76;0.0141;5.79
STL	10;AA;7122;17.69;15.25;0.0159;5.9
STL	11;F9;1180;23.57;16.79;0.0271;11.78
STL	12;NK;427;29.37;23.09;0.0398;17.58
STS	1;MQ;237;7.45;3.41;0.0;-3.03
STS	2;OO;2953;8.02;9.51;0.0047;-2.46
STS	3;AS;315;9.19;9.78;0.0095;-1.29
STS	4;AA;183;56.36;54.6;0.0055;45.88
STT	1;UA;809;5.0;1.06;0.0074;-13.54
STT	2;F9;70;10.01;23.0;0.0286;-8.53
STT	3;NK;1058;12.81;6.53;0.0142;-5.73
STT	4;DL;885;15.21;11.12;0.0068;-3.33
STT	5;B6;683;15.9;12.39;0.019;-2.64
STT	6;AA;2033;29.52;26.22;0.0089;10.98
STX	1;F9;19;-0.79;8.11;0.0;-26.52
STX	2;DL;120;7.78;3.03;0.0083;-17.95
STX	3;B6;20;10.75;13.55;0.0;-14.98
STX	4;NK;282;14.46;14.16;0.0284;-11.27
STX	5;AA;755;33.77;33.8;0.0066;8.04
SUN	1;OO;2005;9.95;6.01;0.011;0.0
SUX	1;OO;730;19.06;15.51;0.0192;0.0
SWF	1;G4;425;20.97;12.82;0.0165;0.0
SWO	1;MQ;161;7.09;2.78;0.0062;-2.6
SWO	2;OO;569;10.43;6.72;0.0246;0.74
SYR	1;YX;1577;2.56;-5.89;0.0171;-7.27
SYR	2;UA;1011;4.29;-0.61;0.0079;-5.54
