MDW	1;F9;3828;20.78;14.6;0.0243;7.87
MDW	2;G4;444;21.03;17.78;0.018;8.12
MEI	1;OO;627;13.18;10.77;0.0303;0.0
MEM	1;DL;4429;5.6;-1.82;0.0113;-5.32
MEM	2;YX;3020;6.04;-0.17;0.0152;-4.88
MEM	3;9E;1064;6.93;0.3;0.0263;-3.99
MEM	4;UA;1526;7.2;3.26;0.0157;-3.72
MEM	5;MQ;1587;7.86;2.86;0.0101;-3.06
MEM	6;WN;3557;12.33;5.92;0.0065;1.41
MEM	7;OH;756;12.71;7.7;0.0093;1.79
MEM	8;NK;940;13.24;2.64;0.016;2.32
MEM	9;OO;762;14.64;10.14;0.021;3.72
MEM	10;F9;171;15.35;14.0;0.0058;4.43
MEM	11;AA;4311;19.18;15.69;0.0172;8.26
MEM	12;G4;501;21.69;15.9;0.012;10.77
MFE	1;UA;564;3.44;-1.96;0.0355;-11.89
MFE	2;MQ;779;9.93;8.68;0.0167;-5.4
MFE	3;G4;488;13.18;6.82;0.0061;-2.15
MFE	4;OO;1037;17.23;15.26;0.0087;1.9
MFE	5;AA;1816;20.79;19.04;0.0226;5.46
MFR	1;OO;2857;7.55;2.87;0.0095;-3.27
MFR	2;UA;1191;13.63;6.61;0.0101;2.81
MFR	3;G4;321;29.66;27.14;0.0187;18.84
MGM	1;MQ;577;7.69;2.12;0.0052;-6.84
MGM	2;9E;922;10.26;4.89;0.0065;-4.27
MGM	3;OO;630;20.93;15.28;0.0127;6.4
MGM	4;OH;498;22.62;20.2;0.0442;8.09
MGW	1;OO;37;72.62;69.05;0.0;0.0
MHK	1;OO;2;3.0;-13.5;0.0;-4.43
MHK	2;MQ;979;7.44;-3.4;0.0163;0.01
MHT	1;YX;66;0.68;-1.38;0.0152;-9.36
MHT	2;MQ;295;2.59;0.79;0.0068;-7.45
MHT	3;WN;2717;7.27;-1.09;0.0048;-2.77
MHT	4;OH;2324;12.9;7.36;0.0176;2.86
MHT	5;AA;121;24.55;18.3;0.0;14.51
MHT	6;NK;127;26.32;14.31;0.0394;16.28
MIA	1;MQ;14015;7.51;4.85;0.0148;-12.12
MIA	2;YX;619;11.46;4.18;0.0194;-8.17
MIA	3;NK;5631;12.7;7.47;0.0181;-6.93
MIA	4;AS;534;15.1;11.38;0.0543;-4.53
