LGA	1;B6;9572;18.89;10.41;0.0218;8.19
LGA	2;OO;4129;21.32;14.5;0.0281;10.62
LGA	3;F9;2502;30.66;23.35;0.036;19.96
LGB	1;HA;663;1.25;-4.61;0.006;-6.14
LGB	2;OO;640;4.68;-1.0;0.0;-2.71
LGB	3;WN;15909;7.56;0.61;0.0053;0.17
LGB	4;DL;438;14.31;6.52;0.0068;6.92
LIH	1;WN;3342;-0.18;-6.91;0.0012;-3.63
LIH	2;DL;732;1.39;-10.9;0.015;-2.06
LIH	3;HA;8769;3.17;2.14;0.0132;-0.28
LIH	4;UA;1250;3.39;-7.22;0.0048;-0.06
LIH	5;AA;751;11.01;0.57;0.0;7.56
LIH	6;AS;1113;12.96;5.61;0.0099;9.51
LIT	1;DL;2031;4.02;-3.27;0.0064;-8.46
LIT	2;YX;465;4.92;1.13;0.0129;-7.56
LIT	3;F9;112;7.58;6.11;0.0179;-4.9
LIT	4;WN;2569;7.68;0.48;0.0027;-4.8
LIT	5;OO;1929;12.02;9.31;0.015;-0.46
LIT	6;9E;285;12.28;8.2;0.014;-0.2
LIT	7;MQ;3625;14.5;12.78;0.0108;2.02
LIT	8;OH;762;27.87;22.55;0.0197;15.39
LIT	9;AA;760;29.65;28.62;0.0184;17.17
LIT	10;G4;119;35.58;31.75;0.0084;23.1
LNK	1;YX;37;9.75;4.39;0.027;-3.51
LNK	2;OO;1826;13.33;7.44;0.0066;0.07
LRD	1;OO;65;8.92;8.54;0.0;-4.78
LRD	2;MQ;1596;13.1;11.51;0.0163;-0.6
LRD	3;G4;134;23.14;19.75;0.0149;9.44
LSE	1;MQ;332;10.26;7.27;0.0181;0.0
LWS	1;OO;1097;11.28;7.25;0.0055;0.0
MAF	1;UA;49;-1.27;-0.12;0.0204;-11.1
MAF	2;WN;3675;8.44;3.36;0.0101;-1.39
MAF	3;OO;3199;9.9;5.96;0.0113;0.07
MAF	4;MQ;2558;11.99;9.58;0.0203;2.16
MBS	1;9E;96;-1.47;-4.93;0.0;-15.44
MBS	2;OO;2114;14.68;10.77;0.0147;0.71
MCI	1;AS;775;-0.06;-1.75;0.0103;-9.65
MCI	2;DL;7081;4.75;-1.85;0.0075;-4.84
MCI	3;UA;3707;4.81;1.78;0.014;-4.78
MCI	4;YX;1722;4.88;1.9;0.018;-4.71
MCI	5;MQ;1227;7.05;2.45;0.013;-2.54
MCI	6;WN;24098;9.6;3.46;0.0089;0.01
MCI	7;OO;1121;10.91;7.88;0.0178;1.32
MCI	8;F9;387;11.92;11.61;0.0103;2.33
MCI	9;9E;1241;12.5;6.47;0.0419;2.91
MCI	10;G4;224;13.94;11.46;0.0223;4.35
MCI	11;NK;1815;15.06;6.68;0.0231;5.47
MCI	12;AA;5810;17.06;15.23;0.0138;7.47
MCI	13;OH;497;24.36;19.87;0.0262;14.77
MCI	14;B6;164;29.03;28.44;0.0061;19.44
MCO	1;UA;13840;13.65;7.5;0.0281;-2.32
MCO	2;F9;17916;13.82;9.32;0.0219;-2.15
MCO	3;NK;22923;14.96;9.71;0.0179;-1.01
MCO	4;WN;44868;15.1;9.34;0.0146;-0.87
MCO	5;DL;21767;15.82;10.15;0.0149;-0.15
MCO	6;AS;2641;16.19;13.24;0.0386;0.22
MCO	7;AA;18033;18.88;14.91;0.0191;2.91
MCO	8;B6;17335;20.53;14.48;0.0165;4.56
MCO	9;G4;230;30.67;29.21;0.0261;14.7
MCW	1;OO;627;24.73;21.26;0.0367;0.0
MDT	1;YX;283;-1.96;-12.39;0.0106;-15.31
MDT	2;UA;402;7.13;4.28;0.01;-6.22
MDT	3;DL;771;7.56;-2.88;0.0078;-5.79
MDT	4;9E;289;8.8;-2.31;0.0104;-4.55
MDT	5;OH;656;12.05;7.83;0.0076;-1.3
MDT	6;OO;922;13.79;7.77;0.0108;0.44
MDT	7;G4;907;17.67;11.48;0.0187;4.32
MDT	8;AA;1057;21.04;16.88;0.0114;7.69
MDT	9;F9;80;26.78;20.01;0.025;13.43
MDW	1;DL;1544;9.34;1.2;0.0078;-3.57
MDW	2;WN;71835;12.49;5.71;0.0112;-0.42
MDW	3;OO;1982;14.05;9.98;0.0071;1.14
