MIA	1;WN;5740;15.9;12.15;0.0143;-3.73
MIA	2;UA;6393;17.67;12.92;0.028;-1.96
MIA	3;F9;3796;18.9;15.85;0.025;-0.73
MIA	4;DL;11416;19.65;13.47;0.0114;0.02
MIA	5;AA;59884;23.64;17.35;0.0167;4.01
MIA	6;B6;1901;26.15;22.29;0.0221;6.52
MIA	7;9E;15;29.53;35.53;0.0;9.9
MKE	1;AS;472;1.64;-3.41;0.0085;-9.34
MKE	2;YX;1854;6.39;-0.02;0.0264;-4.59
MKE	3;DL;4341;6.92;0.38;0.0092;-4.06
MKE	4;WN;9633;7.99;1.08;0.0101;-2.99
MKE	5;NK;778;8.04;0.08;0.0219;-2.94
MKE	6;UA;668;11.13;4.55;0.012;0.15
MKE	7;OO;5204;13.57;8.62;0.0163;2.59
MKE	8;F9;530;14.06;6.52;0.0151;3.08
MKE	9;OH;997;14.08;14.04;0.0181;3.1
MKE	10;9E;906;14.13;7.79;0.0243;3.15
MKE	11;B6;536;16.52;11.59;0.0112;5.54
MKE	12;AA;2718;24.41;20.12;0.0169;13.43
MKE	13;MQ;57;35.82;-2.36;0.0351;24.84
MLB	1;DL;1392;3.6;-2.35;0.0101;-2.41
MLB	2;G4;262;6.97;0.57;0.0229;0.96
MLB	3;OH;1159;8.71;6.94;0.0198;2.7
MLI	1;9E;728;8.38;2.47;0.0206;-5.21
MLI	2;MQ;790;11.44;3.06;0.0215;-2.15
MLI	3;OH;721;12.54;10.29;0.0194;-1.05
MLI	4;G4;466;16.02;9.62;0.0107;2.43
MLI	5;OO;1577;16.83;13.88;0.0216;3.24
MLU	1;9E;869;10.67;7.12;0.0081;-1.06
MLU	2;OO;211;12.02;12.08;0.0095;0.29
MLU	3;MQ;944;12.65;8.76;0.018;0.92
MOB	1;DL;572;4.06;-2.1;0.014;-5.07
MOB	2;9E;770;4.47;-0.21;0.0091;-4.66
MOB	3;MQ;1045;9.71;7.21;0.0191;0.58
MOB	4;OO;192;24.41;19.14;0.0;15.28
MOB	5;OH;25;134.83;130.09;0.08;125.7
MOT	1;G4;376;14.34;6.94;0.0106;-0.21
MOT	2;OO;2000;14.59;10.08;0.0155;0.04
MQT	1;9E;121;-1.82;-14.26;0.0248;-12.95
MQT	2;OO;245;8.24;3.29;0.0163;-2.89
MQT	3;MQ;481;15.77;11.52;0.0042;4.64
MRY	1;MQ;477;4.87;2.0;0.0042;-6.41
MRY	2;OO;3456;7.83;5.81;0.0087;-3.45
MRY	3;AA;649;28.1;24.77;0.0139;16.82
MRY	4;G4;106;50.32;51.11;0.0094;39.04
MSN	1;YX;1212;1.84;-3.19;0.0099;-10.55
