TWF	1;OO;700;-1.17;-6.34;0.0029;0.0
TXK	1;OO;298;15.44;13.44;0.0537;-1.77
TXK	2;MQ;439;18.36;16.67;0.0114;1.15
TYR	1;MQ;191;14.55;9.84;0.0157;-1.87
TYR	2;OO;899;16.83;12.07;0.03;0.41
TYS	1;UA;345;2.07;-4.66;0.0087;-7.84
TYS	2;DL;1417;2.59;-6.78;0.0092;-7.32
TYS	3;9E;2915;3.12;-4.81;0.0172;-6.79
TYS	4;YX;737;6.47;3.69;0.0176;-3.44
TYS	5;OO;1580;9.01;2.86;0.0146;-0.9
TYS	6;MQ;1036;9.41;7.33;0.0087;-0.5
TYS	7;OH;3675;10.33;7.84;0.0144;0.42
TYS	8;G4;2783;13.46;9.21;0.0194;3.55
TYS	9;F9;275;20.21;17.6;0.0145;10.3
TYS	10;AA;1518;25.26;17.46;0.0231;15.35
USA	1;G4;703;25.53;22.13;0.0228;0.0
VCT	1;OO;635;17.13;11.13;0.0252;0.0
VEL	1;OO;52;21.42;16.77;0.0;0.0
VLD	1;OO;60;6.38;4.95;0.0;-2.13
VLD	2;9E;721;8.7;3.88;0.0236;0.19
VPS	1;YX;78;-5.24;-9.87;0.0;-19.11
VPS	2;WN;1928;8.16;2.23;0.0041;-5.71
VPS	3;DL;2558;9.19;2.11;0.0082;-4.68
VPS	4;G4;2331;11.11;6.06;0.015;-2.76
VPS	5;OH;718;13.54;13.85;0.0195;-0.33
VPS	6;MQ;382;16.37;12.83;0.0288;2.5
VPS	7;9E;21;20.3;23.5;0.0476;6.43
VPS	8;AA;1881;29.96;28.07;0.0144;16.09
WRG	1;AS;726;-1.22;-3.57;0.0152;0.0
WYS	1;OO;313;12.24;8.2;0.0128;0.0
XNA	1;DL;576;4.25;-4.67;0.0052;-6.78
XNA	2;YX;810;4.86;-0.08;0.0173;-6.17
XNA	3;9E;1956;6.09;0.3;0.0061;-4.94
XNA	4;F9;200;7.41;6.87;0.005;-3.62
XNA	5;OO;2383;7.68;3.48;0.0076;-3.35
XNA	6;UA;239;9.79;5.06;0.0042;-1.24
XNA	7;MQ;5346;10.73;7.96;0.0079;-0.3
XNA	8;OH;225;19.44;14.85;0.0267;8.41
XNA	9;G4;854;21.23;16.41;0.0105;10.2
XNA	10;AA;1285;25.6;25.11;0.0109;14.57
XWA	1;OO;1972;18.41;12.38;0.0157;0.0
YAK	1;AS;726;-3.23;-4.48;0.022;0.0
YUM	1;MQ;583;4.22;1.12;0.0051;-4.63
YUM	2;OO;1139;11.21;8.47;0.0026;2.36
