DCA	1;OO;173;16.63;5.8;0.0058;4.47
DCA	2;AA;27473;16.83;9.61;0.0155;4.67
DDC	1;OO;627;23.15;20.5;0.0303;0.0
DEC	1;OO;780;26.27;21.93;0.0231;0.0
DEN	1;AS;2230;7.47;4.8;0.0135;-5.8
DEN	2;DL;12439;10.54;2.25;0.0086;-2.73
DEN	3;OO;59962;10.83;5.7;0.0133;-2.44
DEN	4;UA;101967;12.34;7.16;0.012;-0.93
DEN	5;MQ;181;14.0;9.05;0.0;0.73
DEN	6;WN;96614;14.88;8.94;0.0081;1.61
DEN	7;F9;25103;15.51;10.3;0.0152;2.24
DEN	8;G4;444;16.33;13.92;0.0158;3.06
DEN	9;AA;8436;19.19;13.88;0.0162;5.92
DEN	10;B6;1233;31.19;26.83;0.0097;17.92
DEN	11;NK;36;44.25;37.86;0.0;30.98
DFW	1;MQ;70002;8.8;4.73;0.0157;-10.15
DFW	2;OO;24411;9.87;5.68;0.0201;-9.08
DFW	3;DL;12219;14.46;6.82;0.0092;-4.49
DFW	4;UA;8268;14.99;10.76;0.0156;-3.96
DFW	5;AS;2404;15.09;13.53;0.022;-3.86
DFW	6;NK;10125;17.72;11.72;0.013;-1.23
DFW	7;OH;9246;20.36;15.31;0.0253;1.41
DFW	8;F9;10210;21.4;20.12;0.0267;2.45
DFW	9;AA;166286;24.96;19.24;0.0199;6.01
DFW	10;B6;364;37.77;33.99;0.011;18.82
DFW	11;YX;45;38.3;25.68;0.0222;19.35
DFW	12;9E;2;99.5;130.0;0.0;80.55
DHN	1;9E;536;7.98;3.56;0.0056;-2.09
DHN	2;OO;230;15.0;11.49;0.013;4.93
DIK	1;OO;671;12.08;3.24;0.0253;0.0
DLG	1;AS;110;2.18;3.52;0.0273;0.0
DLH	1;YX;501;2.21;-4.29;0.004;-9.0
DLH	2;9E;189;8.13;8.02;0.0106;-3.08
DLH	3;DL;108;10.64;4.41;0.0093;-0.57
DLH	4;OO;1434;14.82;8.11;0.0119;3.61
DRO	1;MQ;27;-2.74;-20.3;0.0;-14.49
DRO	2;UA;725;8.73;-3.01;0.011;-3.02
DRO	3;OO;3065;12.5;9.08;0.0095;0.75
DRO	4;AA;9;43.33;36.56;0.0;31.58
DSM	1;YX;930;3.55;1.74;0.0161;-9.75
DSM	2;UA;2009;6.73;5.07;0.0149;-6.57
DSM	3;9E;2595;7.48;0.87;0.0173;-5.82
DSM	4;MQ;919;8.61;3.33;0.0185;-4.69
