SJC	1;B6;160;39.68;27.49;0.0187;33.18
SJT	1;MQ;725;11.43;9.48;0.0193;-0.29
SJT	2;OO;364;12.32;11.25;0.022;0.6
SJU	1;DL;3582;8.09;4.4;0.0036;-10.17
SJU	2;WN;3998;10.1;7.96;0.007;-8.16
SJU	3;UA;3129;12.96;9.09;0.015;-5.3
SJU	4;NK;4746;15.56;10.02;0.0204;-2.7
SJU	5;MQ;16;18.5;17.88;0.0;0.24
SJU	6;F9;5878;21.71;20.41;0.0216;3.45
SJU	7;B6;10084;23.75;15.07;0.0109;5.49
SJU	8;AA;3998;24.02;22.98;0.0043;5.76
SLC	1;OO;31591;4.31;-0.26;0.0028;-4.92
SLC	2;MQ;143;5.97;-9.94;0.0;-3.26
SLC	3;AS;1235;6.23;3.36;0.0186;-3.0
SLC	4;HA;230;6.57;-0.21;0.0;-2.66
SLC	5;DL;54163;9.76;4.06;0.0062;0.53
SLC	6;WN;11977;11.69;4.84;0.0035;2.46
SLC	7;UA;4090;11.92;5.88;0.0161;2.69
SLC	8;NK;1269;13.55;7.15;0.011;4.32
SLC	9;F9;3171;17.71;15.33;0.0211;8.48
SLC	10;AA;3854;19.73;13.05;0.0148;10.5
SLC	11;B6;1524;22.39;15.67;0.0072;13.16
SLN	1;OO;712;13.49;10.44;0.0225;0.0
SMF	1;MQ;235;2.47;-2.86;0.0;-6.61
SMF	2;OO;8639;5.0;1.52;0.0037;-4.08
SMF	3;AS;1136;5.86;3.77;0.0158;-3.22
SMF	4;DL;3231;6.21;-1.64;0.0074;-2.87
SMF	5;UA;3990;6.75;0.11;0.015;-2.33
SMF	6;HA;954;7.61;4.95;0.0084;-1.47
SMF	7;F9;826;7.89;8.01;0.0145;-1.19
SMF	8;WN;30349;9.29;3.18;0.0051;0.21
SMF	9;NK;1786;12.33;9.27;0.0157;3.25
SMF	10;AA;3523;18.86;12.1;0.0159;9.78
SMF	11;B6;383;49.02;41.82;0.0131;39.94
SMX	1;G4;106;40.51;39.3;0.0;0.0
SNA	1;AS;4115;2.11;0.29;0.0122;-8.47
SNA	2;NK;1225;6.56;4.24;0.018;-4.02
SNA	3;UA;6065;7.49;0.27;0.0069;-3.09
SNA	4;WN;14471;8.34;0.42;0.0067;-2.24
SNA	5;DL;4824;11.14;2.83;0.0052;0.56
SNA	6;F9;1113;13.21;10.37;0.0234;2.63
SNA	7;OO;4042;13.52;14.41;0.0116;2.94
SNA	8;AA;6582;18.71;10.06;0.012;8.13
SNA	9;G4;1082;29.33;25.52;0.0148;18.75
SPI	1;G4;107;24.0;20.98;0.0187;0.0
