EWR	1;MQ;797;18.68;11.28;0.0376;4.61
EWR	2;DL;6582;20.59;14.67;0.0111;6.52
EWR	3;9E;1633;22.31;18.82;0.0386;8.24
EWR	4;AA;6827;23.25;13.48;0.0243;9.18
EWR	5;F9;373;31.31;25.64;0.0161;17.24
EYW	1;YX;1093;10.83;7.41;0.0229;-9.86
EYW	2;UA;746;11.55;11.51;0.0228;-9.14
EYW	3;MQ;2061;12.18;9.85;0.0286;-8.51
EYW	4;DL;1323;13.47;9.76;0.0219;-7.22
EYW	5;9E;159;22.29;21.96;0.0189;1.6
EYW	6;G4;642;22.8;21.63;0.0421;2.11
EYW	7;B6;179;38.93;28.91;0.0279;18.24
EYW	8;AA;1744;43.64;40.76;0.0292;22.95
FAI	1;AS;2613;2.51;-1.01;0.0111;-3.98
FAI	2;UA;237;14.42;-0.2;0.0169;7.93
FAI	3;DL;602;20.64;13.34;0.0116;14.15
FAR	1;DL;711;3.69;-3.72;0.0056;-9.29
FAR	2;9E;224;5.26;-2.27;0.0045;-7.72
FAR	3;F9;329;8.35;5.23;0.0122;-4.63
FAR	4;G4;690;9.68;1.51;0.0043;-3.3
FAR	5;MQ;1763;11.87;4.77;0.0091;-1.11
FAR	6;OO;2864;17.68;13.78;0.0122;4.7
FAR	7;UA;134;18.51;14.82;0.0149;5.53
FAT	1;MQ;20;-1.9;-5.85;0.0;-13.5
FAT	2;AS;377;4.56;3.33;0.0239;-7.04
FAT	3;OO;6645;8.47;4.26;0.0051;-3.13
FAT	4;WN;1492;11.12;5.48;0.0007;-0.48
FAT	5;G4;635;11.14;12.31;0.0031;-0.46
FAT	6;UA;364;19.32;11.77;0.0247;7.72
FAT	7;DL;204;19.84;11.51;0.0196;8.24
FAT	8;AA;2058;21.56;16.85;0.0141;9.96
FAY	1;DL;331;3.85;-4.93;0.0091;-7.99
FAY	2;OH;641;8.22;7.46;0.014;-3.62
FAY	3;9E;349;15.17;8.37;0.0;3.33
FAY	4;OO;191;31.61;27.44;0.0105;19.77
FCA	1;OO;1447;6.63;1.59;0.0083;-5.34
FCA	2;DL;795;8.24;3.69;0.0075;-3.73
FCA	3;UA;919;13.36;8.42;0.0098;1.39
FCA	4;G4;254;21.94;18.45;0.0118;9.97
FCA	5;AA;386;27.5;23.58;0.0052;15.53
FCA	6;MQ;39;35.03;27.72;0.0;23.06
FLG	1;OO;1850;11.53;9.12;0.0043;0.0
FLL	1;UA;8232;12.26;6.34;0.0242;-5.0
FLL	2;9E;22;14.86;13.86;0.0;-2.4
FLL	3;WN;14275;15.82;10.9;0.0132;-1.44
FLL	4;DL;12290;15.85;9.91;0.0105;-1.41
FLL	5;B6;18910;16.76;11.52;0.0125;-0.5
FLL	6;AS;1020;16.85;10.86;0.0735;-0.41
FLL	7;G4;3318;17.8;15.1;0.0184;0.54
FLL	8;NK;25669;18.87;14.17;0.0164;1.61
FLL	9;AA;6525;22.68;18.78;0.019;5.42
FLL	10;F9;1629;23.85;21.7;0.0399;6.59
FNT	1;G4;1384;7.83;1.45;0.0108;-5.98
FNT	2;OO;828;23.85;22.06;0.0157;10.04
FOD	1;OO;627;20.66;17.35;0.0223;0.0
FSD	1;UA;741;2.32;0.44;0.0094;-9.23
FSD	2;YX;56;3.48;-0.09;0.0;-8.07
FSD	3;9E;354;7.32;5.62;0.0085;-4.23
