SAT	1;OO;1023;10.05;7.39;0.0078;-1.61
SAT	2;DL;6171;10.93;3.95;0.0079;-0.73
SAT	3;YX;11;11.45;-1.45;0.0;-0.21
SAT	4;MQ;260;12.72;8.25;0.0115;1.06
SAT	5;NK;2114;16.85;8.36;0.0222;5.19
SAT	6;AA;8015;16.99;14.84;0.018;5.33
SAT	7;F9;703;19.73;11.06;0.0256;8.07
SAT	8;B6;582;33.37;25.48;0.0206;21.71
SAT	9;G4;22;74.5;74.91;0.0;62.84
SAV	1;OO;389;4.5;1.25;0.0206;-7.85
SAV	2;F9;162;5.66;7.23;0.0247;-6.69
SAV	3;YX;1160;6.81;0.47;0.0078;-5.54
SAV	4;DL;3308;8.63;2.19;0.0079;-3.72
SAV	5;MQ;972;9.16;5.19;0.0082;-3.19
SAV	6;UA;1308;10.23;4.27;0.0153;-2.12
SAV	7;WN;2831;10.56;5.51;0.0064;-1.79
SAV	8;OH;3484;10.82;5.45;0.0126;-1.53
SAV	9;9E;1865;14.18;5.87;0.0375;1.83
SAV	10;G4;824;14.9;12.7;0.0121;2.55
SAV	11;B6;913;16.07;12.0;0.011;3.72
SAV	12;AA;1904;28.5;21.2;0.0252;16.15
SBA	1;AS;330;-0.37;-2.29;0.0091;-12.05
SBA	2;MQ;293;3.81;-0.81;0.0102;-7.87
SBA	3;WN;1933;7.59;1.05;0.014;-4.09
SBA	4;OO;1777;11.02;8.08;0.0146;-0.66
SBA	5;DL;622;14.3;7.02;0.0048;2.62
SBA	6;UA;1504;14.81;10.05;0.0226;3.13
SBA	7;AA;1034;20.42;16.55;0.0135;8.74
SBN	1;9E;11;-4.0;-16.45;0.0;-18.94
SBN	2;AA;2;-4.0;-15.0;0.0;-18.94
SBN	3;UA;25;7.44;0.0;0.0;-7.5
SBN	4;G4;819;10.68;4.53;0.0171;-4.26
SBN	5;OH;1166;14.15;10.56;0.0086;-0.79
SBN	6;OO;4597;15.97;9.38;0.0165;1.03
SBN	7;YX;65;16.3;12.81;0.0154;1.36
SBP	1;MQ;165;0.48;-2.88;0.0;-10.54
SBP	2;AS;62;7.23;7.19;0.0;-3.79
SBP	3;OO;3867;7.96;6.12;0.0119;-3.06
SBP	4;UA;349;8.72;2.22;0.0086;-2.3
SBP	5;AA;801;29.14;24.06;0.0037;18.12
SCC	1;AS;570;-7.07;-8.26;0.0316;0.0
SCE	1;YX;8;-3.62;-1.62;0.0;-15.32
SCE	2;OH;13;-2.55;-0.27;0.1538;-14.25
SCE	3;OO;554;12.21;7.43;0.0144;0.51
SCK	1;G4;515;24.59;24.65;0.0039;0.0
SDF	1;YX;6273;1.22;-2.66;0.0094;-8.54
SDF	2;DL;2440;4.76;-2.36;0.009;-5.0
SDF	3;WN;5086;7.34;1.12;0.0077;-2.42
SDF	4;MQ;1593;10.54;7.2;0.0113;0.78
