PHL	1;F9;11862;20.65;15.43;0.0268;5.51
PHL	2;OO;194;24.52;16.32;0.0103;9.38
PHX	1;AS;5016;4.77;3.86;0.0193;-6.18
PHX	2;MQ;8318;4.82;0.27;0.003;-6.13
PHX	3;OO;25385;5.08;1.95;0.0023;-5.87
PHX	4;HA;366;8.18;5.56;0.0027;-2.77
PHX	5;DL;10576;8.67;0.39;0.0068;-2.28
PHX	6;UA;10269;8.76;1.69;0.0161;-2.19
PHX	7;WN;66351;12.1;5.17;0.0046;1.15
PHX	8;F9;9540;12.97;9.85;0.0119;2.02
PHX	9;AA;55209;13.66;8.32;0.0055;2.71
PHX	10;G4;430;15.6;12.33;0.0093;4.65
PHX	11;NK;1142;18.69;15.44;0.021;7.74
PHX	12;B6;949;35.93;28.91;0.0116;24.98
PIA	1;G4;1088;8.2;3.89;0.0184;-6.36
PIA	2;OH;941;15.05;13.57;0.0149;0.49
PIA	3;OO;1096;18.21;13.61;0.0192;3.65
PIA	4;MQ;619;18.51;10.96;0.0129;3.95
PIB	1;OO;627;13.32;8.14;0.0287;0.0
PIE	1;G4;8303;10.12;7.34;0.0263;0.0
PIH	1;OO;700;-3.08;-9.15;0.0;0.0
PIT	1;YX;9662;0.13;-5.6;0.0129;-9.05
PIT	2;AS;470;3.77;-3.61;0.0255;-5.41
PIT	3;DL;3404;5.57;-1.96;0.0085;-3.61
PIT	4;OO;908;6.55;0.11;0.0033;-2.63
PIT	5;MQ;694;8.04;3.21;0.0115;-1.14
PIT	6;B6;1195;8.27;5.48;0.0176;-0.91
PIT	7;UA;3037;9.73;4.4;0.0095;0.55
PIT	8;WN;10219;9.89;3.55;0.0094;0.71
PIT	9;G4;1404;10.35;7.01;0.0214;1.17
PIT	10;OH;696;12.59;7.59;0.0273;3.41
PIT	11;9E;1801;14.22;7.27;0.0272;5.04
PIT	12;AA;6326;16.24;13.14;0.0128;7.06
PIT	13;F9;537;17.34;22.85;0.041;8.16
PIT	14;NK;3478;19.55;12.06;0.0288;10.37
PLN	1;OO;846;12.47;5.67;0.0189;0.0
PNS	1;DL;2554;2.67;-2.9;0.0074;-11.49
PNS	2;UA;693;6.23;-0.1;0.0159;-7.93
PNS	3;WN;2272;7.0;0.21;0.0035;-7.16
PNS	4;MQ;1521;10.66;8.16;0.0138;-3.5
PNS	5;F9;414;15.41;12.08;0.0217;1.25
PNS	6;NK;961;15.48;6.81;0.026;1.32
PNS	7;OH;2635;19.22;17.01;0.0095;5.06
PNS	8;9E;265;22.76;16.84;0.0113;8.6
PNS	9;YX;86;24.88;20.87;0.0233;10.72
PNS	10;OO;177;29.01;26.34;0.0;14.85
PNS	11;AA;1786;34.42;33.43;0.0246;20.26
PPG	1;HA;125;19.99;15.55;0.0;0.0
PQI	1;B6;117;6.64;1.58;0.0085;0.0
PRC	1;OO;731;23.63;20.51;0.0055;0.0
PSC	1;OO;4149;5.43;0.1;0.0031;-0.83
PSC	2;G4;309;7.27;4.03;0.0065;1.01
PSC	3;AS;373;7.44;9.59;0.0214;1.18
PSC	4;DL;402;12.98;3.66;0.005;6.72
PSE	1;B6;644;7.42;0.96;0.0233;-0.85
PSE	2;F9;301;10.06;7.23;0.0199;1.79
PSG	1;AS;726;-0.65;-2.23;0.0152;0.0
PSM	1;G4;373;16.72;8.5;0.0214;0.0
