SYR	1;9E;2008;4.47;-3.64;0.0249;-5.36
SYR	2;MQ;880;5.27;-0.09;0.0068;-4.56
SYR	3;DL;1227;7.26;-3.0;0.0081;-2.57
SYR	4;B6;1347;11.87;7.36;0.0223;2.04
SYR	5;OO;1117;11.95;6.96;0.0116;2.12
SYR	6;WN;856;12.3;4.22;0.0058;2.47
SYR	7;OH;478;17.05;15.59;0.0105;7.22
SYR	8;AA;1673;17.41;12.46;0.0114;7.58
SYR	9;F9;503;17.59;9.86;0.0358;7.76
SYR	10;G4;699;20.85;11.37;0.0157;11.02
TLH	1;DL;1408;1.66;-4.78;0.0099;-7.73
TLH	2;B6;298;7.08;1.24;0.0201;-2.31
TLH	3;9E;627;10.22;8.48;0.0239;0.83
TLH	4;MQ;2811;10.32;8.67;0.0164;0.93
TLH	5;OH;910;18.36;15.4;0.0231;8.97
TLH	6;YX;42;18.5;19.57;0.0476;9.11
TLH	7;OO;1;36.0;47.0;0.0;26.61
TOL	1;G4;375;16.99;11.33;0.0107;0.0
TPA	1;YX;24;5.04;4.21;0.0;-9.33
TPA	2;NK;5865;8.55;5.07;0.03;-5.82
TPA	3;UA;8672;12.15;7.14;0.0302;-2.22
TPA	4;WN;24081;12.61;7.72;0.0215;-1.76
TPA	5;DL;12887;13.77;8.28;0.0203;-0.6
TPA	6;F9;6645;15.35;11.3;0.0281;0.98
TPA	7;MQ;1247;16.71;14.8;0.0289;2.34
TPA	8;B6;5235;19.22;13.65;0.0267;4.85
TPA	9;AA;12754;19.28;15.86;0.0279;4.91
TPA	10;AS;1099;20.0;16.39;0.0446;5.63
TPA	11;9E;8;77.62;87.62;0.0;63.25
TRI	1;9E;1131;3.54;-4.31;0.0071;-5.2
TRI	2;MQ;440;4.5;-3.89;0.0068;-4.24
TRI	3;DL;152;14.56;3.93;0.0;5.82
TRI	4;OO;145;17.23;9.61;0.0069;8.49
TRI	5;OH;214;17.27;7.43;0.0187;8.53
TRI	6;G4;166;32.37;31.52;0.0361;23.63
TTN	1;F9;1798;15.06;7.06;0.0328;0.0
TUL	1;UA;495;1.93;4.91;0.0101;-6.81
TUL	2;YX;693;3.94;1.26;0.0188;-4.8
TUL	3;DL;1416;5.09;-3.22;0.0085;-3.65
TUL	4;9E;261;5.33;-1.42;0.0;-3.41
TUL	5;OO;3500;5.53;1.09;0.0069;-3.21
TUL	6;MQ;1688;5.83;2.46;0.013;-2.91
TUL	7;WN;5494;6.32;0.2;0.0051;-2.42
TUL	8;G4;408;16.76;10.47;0.0049;8.02
TUL	9;OH;763;17.94;15.18;0.0131;9.2
TUL	10;AA;2437;22.02;19.16;0.0226;13.28
TUS	1;MQ;774;1.85;-0.58;0.0078;-6.96
TUS	2;DL;1141;6.45;-2.43;0.007;-2.36
TUS	3;OO;7943;7.12;5.07;0.0035;-1.69
TUS	4;AS;526;7.52;8.11;0.0038;-1.29
TUS	5;WN;4362;8.88;2.72;0.0053;0.07
TUS	6;UA;1093;11.36;3.82;0.0091;2.55
TUS	7;AA;3289;14.71;11.53;0.017;5.9
TVC	1;YX;396;7.46;8.26;0.0101;-8.05
TVC	2;DL;445;9.09;0.77;0.018;-6.42
TVC	3;9E;241;9.28;6.0;0.0083;-6.23
TVC	4;OH;152;11.12;6.95;0.0;-4.39
TVC	5;MQ;652;11.2;6.41;0.0031;-4.31
TVC	6;UA;586;12.32;10.6;0.0137;-3.19
TVC	7;OO;1180;20.05;17.89;0.0153;4.54
TVC	8;G4;347;24.73;14.54;0.0202;9.22
TVC	9;AA;91;63.4;62.25;0.0;47.89
