RDU	1;MQ;1239;7.07;3.27;0.0105;-5.96
RDU	2;WN;9005;10.41;3.35;0.0056;-2.62
RDU	3;UA;5576;10.46;4.42;0.0131;-2.57
RDU	4;DL;11302;10.79;2.31;0.0088;-2.24
RDU	5;9E;6439;13.4;8.04;0.0297;0.37
RDU	6;AS;526;14.11;8.9;0.0114;1.08
RDU	7;OO;1032;14.78;13.86;0.0029;1.75
RDU	8;B6;3207;16.69;11.59;0.0159;3.66
RDU	9;F9;4707;17.23;14.74;0.031;4.2
RDU	10;AA;11340;19.22;14.53;0.0169;6.19
RDU	11;OH;860;19.48;16.54;0.014;6.45
RDU	12;NK;438;23.93;16.21;0.0137;10.9
RFD	1;G4;841;20.66;14.39;0.0166;0.0
RHI	1;OO;827;8.66;-2.16;0.0085;0.0
RIC	1;UA;915;1.91;-2.59;0.0109;-10.57
RIC	2;YX;2376;5.42;3.59;0.0185;-7.06
RIC	3;MQ;223;6.78;1.22;0.0045;-5.7
RIC	4;DL;2661;8.04;1.37;0.0064;-4.44
RIC	5;OH;471;8.97;6.1;0.0127;-3.51
RIC	6;WN;1966;9.96;2.85;0.0005;-2.52
RIC	7;9E;2034;12.11;7.08;0.032;-0.37
RIC	8;B6;1781;13.73;5.51;0.0118;1.25
RIC	9;OO;686;17.12;11.05;0.0;4.64
RIC	10;AA;3746;19.79;14.23;0.0158;7.31
RIC	11;NK;1110;20.59;12.13;0.018;8.11
RIC	12;G4;310;29.22;20.31;0.0161;16.74
RIW	1;OO;622;12.33;8.72;0.0177;0.0
RKS	1;OO;623;16.99;10.94;0.0112;0.0
RNO	1;AS;600;4.49;5.35;0.01;-6.06
RNO	2;OO;4276;8.36;6.52;0.0068;-2.19
RNO	3;WN;8683;8.47;2.83;0.0054;-2.08
RNO	4;NK;1154;8.67;5.05;0.0182;-1.88
RNO	5;UA;2208;11.86;6.85;0.0122;1.31
RNO	6;DL;1023;11.89;2.92;0.0098;1.34
RNO	7;MQ;279;13.12;10.58;0.0036;2.57
RNO	8;AA;2413;19.12;13.54;0.0124;8.57
RNO	9;B6;274;38.05;34.29;0.0219;27.5
