SDF	1;UA;846;10.83;4.95;0.0095;1.07
SDF	2;OO;1893;12.23;7.11;0.0063;2.47
SDF	3;9E;173;12.66;9.88;0.0231;2.9
SDF	4;NK;864;18.36;11.59;0.015;8.6
SDF	5;G4;709;20.1;15.8;0.0183;10.34
SDF	6;OH;1667;20.24;17.35;0.0114;10.48
SDF	7;AA;2578;24.93;22.56;0.0202;15.17
SEA	1;OO;26516;6.73;4.04;0.004;-2.81
SEA	2;DL;31865;8.0;0.94;0.0056;-1.54
SEA	3;AS;78143;9.27;6.09;0.0154;-0.27
SEA	4;UA;9073;10.47;4.41;0.0176;0.93
SEA	5;WN;8104;14.56;7.2;0.0021;5.02
SEA	6;MQ;511;16.34;6.25;0.0;6.8
SEA	7;NK;949;16.72;9.16;0.0105;7.18
SEA	8;AA;5595;19.25;10.58;0.0154;9.71
SEA	9;F9;1460;19.86;14.71;0.0199;10.32
SEA	10;HA;760;20.62;16.82;0.025;11.08
SEA	11;B6;749;21.43;13.88;0.0067;11.89
SFB	1;G4;9499;12.49;9.55;0.0164;0.0
SFO	1;HA;756;5.67;4.05;0.0238;-8.83
SFO	2;AS;11488;10.59;6.78;0.0259;-3.91
SFO	3;UA;51073;11.86;2.65;0.0139;-2.64
SFO	4;OO;31724;13.01;8.14;0.0135;-1.49
SFO	5;B6;4242;14.54;6.12;0.0042;0.04
SFO	6;DL;12879;14.55;4.5;0.0068;0.05
SFO	7;MQ;50;17.54;8.24;0.0;3.04
SFO	8;WN;7447;21.53;14.93;0.0046;7.03
SFO	9;AA;10740;23.48;15.8;0.0096;8.98
SFO	10;F9;4579;32.71;29.94;0.0207;18.21
SGF	1;9E;636;6.67;0.72;0.0047;-10.02
SGF	2;DL;402;13.22;4.36;0.005;-3.47
SGF	3;G4;852;14.31;10.0;0.0129;-2.38
SGF	4;MQ;3946;14.4;11.09;0.015;-2.29
SGF	5;OO;2467;19.74;14.19;0.0101;3.05
SGF	6;OH;977;28.28;26.47;0.0082;11.59
SGU	1;OO;3023;5.69;0.04;0.003;0.0
SHR	1;OO;730;3.03;1.81;0.0192;0.0
SHV	1;9E;1171;4.98;-1.61;0.0162;-8.3
SHV	2;MQ;839;11.97;6.78;0.0179;-1.31
SHV	3;OO;615;13.9;8.5;0.0098;0.62
SHV	4;G4;151;15.52;10.88;0.0199;2.24
SHV	5;OH;1715;19.22;16.72;0.0268;5.94
SIT	1;AS;1328;-1.23;-1.48;0.0151;-3.11
SIT	2;OO;93;47.57;42.63;0.043;45.69
SJC	1;HA;685;-0.37;-6.23;0.0088;-6.87
SJC	2;AS;2851;2.32;-1.49;0.0228;-4.18
SJC	3;OO;8601;2.45;-0.01;0.002;-4.05
SJC	4;MQ;363;2.57;-3.16;0.0055;-3.93
SJC	5;UA;2151;3.95;-4.56;0.0126;-2.55
SJC	6;DL;2231;4.75;-4.64;0.0072;-1.75
SJC	7;WN;28619;7.51;1.37;0.0052;1.01
SJC	8;F9;641;7.51;8.28;0.0047;1.01
SJC	9;NK;2631;11.09;8.48;0.0133;4.59
SJC	10;AA;1459;16.96;9.23;0.0103;10.46
