ANC	1;UA;1294;11.56;0.67;0.0185;5.31
ANC	2;DL;2468;11.78;1.73;0.0073;5.53
ANC	3;AA;502;35.57;22.97;0.004;29.32
APN	1;OO;629;16.04;9.79;0.0318;0.0
ASE	1;OO;7888;26.23;20.44;0.0654;0.0
ATL	1;9E;26877;6.61;2.45;0.0109;-4.49
ATL	2;YX;1233;8.85;6.09;0.0178;-2.25
ATL	3;AS;1440;9.21;4.06;0.0201;-1.89
ATL	4;DL;227628;9.25;5.34;0.0086;-1.85
ATL	5;WN;33394;12.64;6.55;0.0066;1.54
ATL	6;UA;7346;12.96;7.46;0.0163;1.86
ATL	7;MQ;666;17.87;15.14;0.0195;6.77
ATL	8;OH;2486;19.31;15.74;0.0161;8.21
ATL	9;NK;10205;20.34;13.26;0.0171;9.24
ATL	10;OO;8235;20.89;17.41;0.0077;9.79
ATL	11;AA;7717;22.4;18.21;0.0172;11.3
ATL	12;B6;3007;22.54;17.56;0.0156;11.44
ATL	13;F9;11676;25.29;20.74;0.0249;14.19
ATW	1;G4;1318;7.54;0.29;0.0197;-8.15
ATW	2;9E;176;10.79;9.34;0.0;-4.9
ATW	3;DL;325;10.8;2.75;0.0092;-4.89
ATW	4;MQ;753;13.71;6.83;0.0133;-1.98
ATW	5;OO;3687;19.69;15.99;0.0206;4.0
AUS	1;YX;121;2.12;-3.23;0.0;-12.63
AUS	2;OH;25;9.28;0.04;0.0;-5.47
AUS	3;UA;9568;10.56;4.59;0.0138;-4.19
AUS	4;AS;2837;11.15;8.29;0.0257;-3.6
AUS	5;WN;37521;11.77;5.61;0.0064;-2.98
AUS	6;MQ;2281;13.06;10.94;0.0145;-1.69
AUS	7;DL;11200;14.12;6.82;0.0083;-0.63
AUS	8;9E;379;15.29;14.15;0.0053;0.54
AUS	9;NK;1091;18.8;11.2;0.0247;4.05
AUS	10;G4;1102;20.57;16.85;0.0191;5.82
AUS	11;OO;3696;21.57;16.98;0.0032;6.82
AUS	12;AA;13859;23.01;19.47;0.0149;8.26
AUS	13;F9;705;25.04;20.88;0.017;10.29
AUS	14;HA;166;32.15;36.62;0.006;17.4
AUS	15;B6;793;33.11;24.05;0.0101;18.36
AVL	1;YX;1129;8.16;2.42;0.0443;-7.99
AVL	2;9E;675;10.39;1.91;0.0207;-5.76
AVL	3;UA;188;11.29;5.99;0.0319;-4.86
AVL	4;OH;2075;11.81;11.15;0.0284;-4.34
AVL	5;DL;2268;12.26;3.49;0.0251;-3.89
AVL	6;OO;724;16.29;13.39;0.0401;0.14
AVL	7;G4;3270;17.92;14.34;0.0315;1.77
AVL	8;MQ;1181;22.71;19.8;0.0271;6.56
