BWI	1;YX;936;7.41;1.92;0.015;-7.95
BWI	2;DL;5276;9.2;1.7;0.0072;-6.16
BWI	3;WN;73243;15.82;8.41;0.0091;0.46
BWI	4;AS;585;15.92;11.0;0.0205;0.56
BWI	5;NK;6753;15.97;8.18;0.0176;0.61
BWI	6;AA;3782;17.65;10.71;0.0175;2.29
BWI	7;9E;500;18.5;10.34;0.056;3.14
BWI	8;F9;2928;26.07;22.82;0.0355;10.71
BWI	9;G4;145;32.8;27.42;0.0138;17.44
BZN	1;AS;653;4.94;6.3;0.0123;-6.15
BZN	2;MQ;68;6.03;-0.07;0.0;-5.06
BZN	3;OO;2011;6.43;2.77;0.0055;-4.66
BZN	4;DL;1801;7.06;1.97;0.005;-4.03
BZN	5;WN;2012;7.97;1.82;0.0045;-3.12
BZN	6;UA;2222;12.16;7.06;0.0135;1.07
BZN	7;G4;376;13.05;7.29;0.0239;1.96
BZN	8;AA;915;33.27;30.5;0.0033;22.18
BZN	9;B6;145;37.79;33.71;0.0207;26.7
CAE	1;DL;1520;4.15;-4.01;0.0072;-5.29
CAE	2;OO;727;4.69;3.01;0.0069;-4.75
CAE	3;9E;1253;6.58;1.16;0.0192;-2.86
CAE	4;MQ;56;6.7;4.71;0.0;-2.74
CAE	5;OH;2220;9.57;8.7;0.0131;0.13
CAE	6;YX;341;13.55;10.52;0.0469;4.11
CAE	7;AA;700;29.31;25.57;0.03;19.87
CAK	1;OH;1651;10.73;7.41;0.0073;-3.93
CAK	2;G4;756;16.64;10.31;0.0198;1.98
CAK	3;OO;1069;19.4;17.71;0.0159;4.74
CDC	1;OO;629;3.81;-1.8;0.0079;0.0
CDV	1;AS;726;0.35;-0.66;0.0193;0.0
CHA	1;YX;148;4.48;1.84;0.0;-8.03
CHA	2;DL;1233;8.52;0.01;0.0081;-3.99
CHA	3;9E;1534;8.88;2.92;0.0065;-3.63
CHA	4;OH;1471;12.2;8.13;0.0102;-0.31
CHA	5;MQ;1249;16.81;12.84;0.0192;4.3
CHA	6;OO;939;16.85;15.76;0.0181;4.34
CHA	7;G4;279;22.92;18.3;0.0323;10.41
CHO	1;OH;63;-3.56;-1.38;0.0;-13.76
CHO	2;YX;463;8.17;8.96;0.0259;-2.03
CHO	3;9E;1784;9.29;2.28;0.0269;-0.91
CHO	4;DL;257;9.61;-1.29;0.0;-0.59
CHO	5;OO;636;15.86;16.5;0.0189;5.66
CHS	1;YX;2272;4.09;-1.04;0.0132;-7.32
CHS	2;AS;350;4.34;-1.52;0.0257;-7.07
CHS	3;OH;1741;7.54;5.08;0.0184;-3.87
CHS	4;WN;3534;7.99;2.84;0.0062;-3.42
CHS	5;MQ;921;8.54;4.52;0.0152;-2.87
CHS	6;UA;2226;9.44;4.74;0.013;-1.97
CHS	7;DL;3892;9.66;4.18;0.009;-1.75
CHS	8;9E;1988;10.36;3.79;0.0428;-1.05
CHS	9;G4;206;13.16;12.18;0.0291;1.75
CHS	10;OO;369;14.99;12.93;0.0136;3.58
CHS	11;B6;1840;16.77;12.14;0.0163;5.36
CHS	12;AA;4892;17.82;14.63;0.0184;6.41
