COS	1;MQ;355;15.64;13.14;0.0028;5.4
COS	2;AA;1080;18.33;17.66;0.025;8.09
COU	1;MQ;1678;12.74;10.03;0.0203;-2.54
COU	2;OO;101;57.59;50.67;0.0198;42.31
CPR	1;OO;1771;6.63;-2.24;0.0073;0.0
CRP	1;OO;268;5.66;2.79;0.0187;-3.01
CRP	2;MQ;2439;8.7;7.2;0.0197;0.03
CRP	3;WN;1164;9.28;5.32;0.0112;0.61
CRW	1;9E;180;1.87;-6.53;0.0;-17.29
CRW	2;OH;1439;14.44;10.95;0.0118;-4.72
CRW	3;OO;1814;24.66;18.6;0.0132;5.5
CSG	1;9E;595;9.29;3.69;0.0303;-3.65
CSG	2;OO;406;18.19;13.23;0.0099;5.25
CVG	1;YX;5550;3.4;-1.61;0.0168;-7.06
CVG	2;UA;2080;6.76;2.83;0.0101;-3.7
CVG	3;OO;866;7.62;5.62;0.0035;-2.84
CVG	4;9E;6620;8.14;2.07;0.0174;-2.32
CVG	5;DL;7132;8.82;1.23;0.0091;-1.64
CVG	6;WN;2165;9.27;3.05;0.006;-1.19
CVG	7;AS;351;9.67;3.87;0.0342;-0.79
CVG	8;MQ;2685;12.65;9.3;0.0071;2.19
CVG	9;G4;3269;12.96;9.1;0.0141;2.5
CVG	10;F9;4722;14.71;10.37;0.0214;4.25
CVG	11;OH;2487;15.41;12.49;0.0105;4.95
CVG	12;AA;3343;20.33;14.59;0.0188;9.87
CWA	1;9E;731;3.56;-2.9;0.0082;0.0
CYS	1;OO;679;8.17;-1.46;0.0206;0.0
DAB	1;DL;1448;7.02;2.14;0.0131;-1.83
DAB	2;OH;1102;10.33;2.69;0.0281;1.48
DAB	3;AA;315;11.96;6.98;0.0095;3.11
DAB	4;MQ;9;15.0;10.56;0.0;6.15
DAL	1;AS;363;2.92;-2.37;0.0248;-11.07
DAL	2;DL;2080;12.33;6.75;0.0072;-1.66
DAL	3;WN;70231;14.1;8.22;0.0108;0.11
DAY	1;YX;319;0.02;-2.49;0.0063;-8.54
DAY	2;DL;1169;2.68;-8.49;0.0103;-5.88
DAY	3;9E;483;8.17;-2.4;0.0228;-0.39
DAY	4;OH;3625;9.31;5.12;0.0102;0.75
DAY	5;OO;1581;10.58;5.72;0.0095;2.02
DAY	6;MQ;185;12.94;6.09;0.0162;4.38
DAY	7;G4;278;20.06;15.22;0.0432;11.5
DCA	1;YX;27099;4.15;-1.63;0.0143;-8.01
DCA	2;AS;1821;5.51;-2.71;0.0077;-6.65
DCA	3;F9;1097;11.14;2.02;0.0146;-1.02
DCA	4;UA;6135;11.28;5.41;0.0163;-0.88
DCA	5;DL;9064;11.29;2.51;0.0117;-0.87
DCA	6;MQ;4251;12.78;7.2;0.0129;0.62
DCA	7;WN;15766;12.86;3.79;0.0112;0.7
DCA	8;OH;36747;14.26;9.23;0.0211;2.1
DCA	9;9E;2018;14.46;8.48;0.0193;2.3
DCA	10;B6;8372;14.6;6.79;0.0149;2.44
