FSD	1;OO;2583;8.4;2.66;0.0085;-3.15
FSD	2;MQ;775;11.19;4.32;0.0335;-0.36
FSD	3;F9;251;11.35;11.56;0.0159;-0.2
FSD	4;G4;953;15.24;9.32;0.0105;3.69
FSD	5;DL;666;19.76;14.19;0.0135;8.21
FSD	6;AA;654;24.3;16.77;0.0138;12.75
FSM	1;MQ;1012;11.91;6.96;0.0217;-0.23
FSM	2;OO;172;13.54;7.61;0.0349;1.4
FWA	1;MQ;881;9.72;3.56;0.0045;-7.7
FWA	2;OH;167;10.01;2.8;0.0;-7.41
FWA	3;9E;234;10.86;-2.93;0.0342;-6.56
FWA	4;OO;2605;19.72;14.65;0.0111;2.3
FWA	5;G4;835;21.8;17.04;0.0263;4.38
GCC	1;OO;732;10.46;4.44;0.0123;0.0
GCK	1;OO;216;12.95;10.05;0.0463;-1.91
GCK	2;MQ;514;15.65;14.64;0.0175;0.79
GEG	1;UA;890;2.74;-5.06;0.0213;-3.85
GEG	2;OO;5952;3.1;0.51;0.0039;-3.49
GEG	3;AS;2295;3.44;1.26;0.017;-3.15
GEG	4;WN;3705;6.54;0.09;0.0008;-0.05
GEG	5;DL;3003;8.19;2.11;0.0097;1.6
GEG	6;G4;238;13.29;9.86;0.0084;6.7
GEG	7;AA;1444;24.1;17.47;0.0083;17.51
GFK	1;OO;1005;6.62;2.17;0.006;-1.0
GFK	2;G4;192;7.19;0.95;0.0052;-0.43
GFK	3;9E;86;20.15;10.98;0.0;12.53
GGG	1;OO;499;12.54;8.88;0.02;-1.66
GGG	2;MQ;230;17.8;14.8;0.0217;3.6
GJT	1;UA;725;7.93;-4.08;0.0069;-2.66
GJT	2;OO;2618;10.33;7.21;0.0088;-0.26
GJT	3;MQ;496;11.45;9.25;0.006;0.86
GJT	4;G4;127;27.98;29.84;0.0157;17.39
GNV	1;DL;1570;5.62;-1.69;0.0127;-3.2
GNV	2;MQ;586;7.4;3.21;0.0205;-1.42
GNV	3;9E;123;7.52;1.04;0.0081;-1.3
GNV	4;OH;746;17.11;11.29;0.0402;8.29
GPT	1;9E;55;5.62;-1.07;0.0;-4.6
GPT	2;DL;1185;7.92;1.85;0.0127;-2.3
GPT	3;OH;1233;8.68;7.7;0.0081;-1.54
GPT	4;OO;339;10.42;8.22;0.0147;0.2
GPT	5;MQ;533;17.88;13.32;0.0263;7.66
GPT	6;G4;26;40.46;41.08;0.0;30.24
GRB	1;9E;73;1.34;-10.49;0.0;-11.5
GRB	2;YX;179;3.62;1.08;0.0112;-9.22
GRB	3;MQ;394;8.55;4.32;0.0178;-4.29
GRB	4;OO;3075;13.43;8.72;0.015;0.59
GRB	5;DL;370;16.47;9.68;0.0054;3.63
GRB	6;F9;112;21.99;17.24;0.0268;9.15
