RNO	1;G4;3;67.33;73.0;0.0;56.78
ROA	1;DL;438;10.74;1.03;0.0091;-4.82
ROA	2;9E;956;11.67;3.75;0.0188;-3.89
ROA	3;OH;249;15.29;17.02;0.012;-0.27
ROA	4;OO;748;18.92;17.38;0.0214;3.36
ROA	5;YX;313;20.43;20.02;0.0543;4.87
ROA	6;G4;240;23.77;20.84;0.0375;8.21
ROC	1;YX;996;2.47;-3.7;0.0191;-9.21
ROC	2;MQ;832;5.61;1.36;0.0072;-6.07
ROC	3;OO;518;8.53;2.9;0.0039;-3.15
ROC	4;UA;998;9.51;5.62;0.014;-2.17
ROC	5;9E;2686;9.85;1.37;0.0335;-1.83
ROC	6;OH;719;11.49;9.52;0.0125;-0.19
ROC	7;WN;1916;12.96;5.86;0.0052;1.28
ROC	8;NK;499;13.9;3.64;0.016;2.22
ROC	9;DL;1075;14.6;3.26;0.0093;2.92
ROC	10;B6;755;19.65;15.27;0.0305;7.97
ROC	11;AA;870;21.27;18.2;0.0161;9.59
ROC	12;G4;72;39.75;28.72;0.0139;28.07
ROW	1;MQ;163;13.94;7.32;0.0061;-8.81
ROW	2;OO;800;24.59;21.51;0.0312;1.84
RST	1;YX;14;-6.86;-7.36;0.0;-18.34
RST	2;MQ;330;7.93;4.82;0.0;-3.55
RST	3;OO;828;12.79;6.46;0.0097;1.31
RST	4;9E;244;12.97;8.85;0.0205;1.49
RSW	1;UA;5601;7.32;1.91;0.0312;-6.16
RSW	2;9E;19;7.58;5.32;0.0;-5.9
RSW	3;AS;170;7.68;3.13;0.0412;-5.8
RSW	4;DL;7251;10.47;5.99;0.0154;-3.01
RSW	5;WN;7420;11.65;7.56;0.0191;-1.83
RSW	6;NK;2445;12.54;8.93;0.0233;-0.94
RSW	7;YX;92;15.73;11.01;0.0;2.25
RSW	8;F9;2484;18.05;12.86;0.033;4.57
RSW	9;AA;5431;19.53;16.37;0.0232;6.05
RSW	10;MQ;89;20.16;22.09;0.0112;6.68
RSW	11;OH;33;20.71;15.58;0.0606;7.23
RSW	12;B6;3836;20.82;16.89;0.0258;7.34
SAF	1;OO;2806;13.33;8.39;0.015;-0.34
SAF	2;MQ;102;23.13;21.83;0.0196;9.46
SAN	1;AS;10303;8.43;7.4;0.0269;-4.38
SAN	2;UA;10251;9.03;3.99;0.0202;-3.78
SAN	3;OO;12343;10.31;11.59;0.0092;-2.5
SAN	4;DL;9475;10.55;4.4;0.0069;-2.26
SAN	5;NK;2887;12.73;9.56;0.0197;-0.08
SAN	6;WN;34140;13.8;8.88;0.0087;0.99
SAN	7;HA;715;16.0;15.32;0.007;3.19
SAN	8;G4;174;17.66;20.35;0.0115;4.85
SAN	9;B6;1766;19.06;14.08;0.0028;6.25
SAN	10;AA;9211;19.11;13.68;0.0118;6.3
SAN	11;F9;3380;21.53;22.51;0.0213;8.72
SAT	1;UA;5617;7.78;2.02;0.0173;-3.88
SAT	2;WN;16462;9.02;3.31;0.0063;-2.64
SAT	3;AS;633;9.11;5.69;0.0063;-2.55
