ORD	1;NK;8500;21.65;13.4;0.0179;6.4
ORD	2;B6;1245;24.28;19.29;0.0177;9.03
ORD	3;F9;2660;28.3;28.95;0.0301;13.05
ORF	1;YX;2802;5.07;1.64;0.0243;-7.6
ORF	2;UA;2330;8.74;3.2;0.021;-3.93
ORF	3;MQ;420;8.85;4.32;0.0071;-3.82
ORF	4;OH;3108;9.63;6.16;0.0109;-3.04
ORF	5;WN;3155;11.04;4.25;0.0035;-1.63
ORF	6;9E;2197;12.23;6.56;0.0273;-0.44
ORF	7;DL;2443;13.14;6.36;0.0102;0.47
ORF	8;AA;2881;21.75;15.67;0.0201;9.08
ORF	9;NK;952;22.39;13.75;0.0305;9.72
ORF	10;G4;227;24.56;23.42;0.0352;11.89
ORF	11;OO;348;24.75;20.76;0.0057;12.08
ORF	12;F9;257;29.59;30.85;0.0467;16.92
ORH	1;YX;360;-0.19;-6.27;0.05;-16.35
ORH	2;9E;299;16.1;10.19;0.0502;-0.06
ORH	3;B6;745;23.84;13.86;0.0188;7.68
OTH	1;OO;345;35.35;29.62;0.0116;0.0
OTZ	1;AS;366;-2.31;-1.22;0.0601;0.0
PAE	1;AS;1071;2.3;-1.23;0.0299;0.0
PBG	1;G4;501;27.68;21.82;0.0399;0.0
PBI	1;YX;16;-4.81;-6.88;0.0;-21.71
PBI	2;NK;461;7.67;1.49;0.0174;-9.23
PBI	3;WN;2584;10.49;5.32;0.0077;-6.41
PBI	4;DL;7098;13.93;8.13;0.0135;-2.97
PBI	5;G4;377;16.04;14.2;0.0159;-0.86
PBI	6;B6;8566;16.57;10.97;0.0156;-0.33
PBI	7;UA;3534;17.09;10.15;0.0328;0.19
PBI	8;AA;6008;22.79;20.01;0.018;5.89
PBI	9;F9;832;28.49;24.17;0.0325;11.59
PDX	1;MQ;47;-4.36;-10.81;0.0;-12.54
PDX	2;AS;16983;4.94;3.6;0.0208;-3.24
PDX	3;OO;10637;5.1;3.84;0.0058;-3.08
PDX	4;DL;7171;5.98;-2.53;0.0084;-2.2
PDX	5;G4;330;7.75;2.71;0.0;-0.43
PDX	6;WN;9565;9.17;2.93;0.0049;0.99
PDX	7;UA;6626;10.23;3.48;0.014;2.05
PDX	8;HA;736;13.02;9.24;0.0068;4.84
PDX	9;NK;1717;14.43;7.79;0.0204;6.25
PDX	10;F9;1765;17.24;16.56;0.0232;9.06
PDX	11;AA;3794;19.51;12.29;0.0148;11.33
PDX	12;B6;213;45.55;39.26;0.0094;37.37
PGD	1;G4;6337;11.65;8.24;0.0181;0.0
PHL	1;YX;8788;3.26;-1.82;0.0183;-11.88
PHL	2;B6;1080;6.01;0.4;0.0167;-9.13
PHL	3;9E;150;6.35;-2.3;0.0;-8.79
PHL	4;UA;4040;8.39;0.41;0.0124;-6.75
PHL	5;AS;633;10.76;8.5;0.0142;-4.38
PHL	6;DL;5954;11.23;1.75;0.0091;-3.91
PHL	7;OH;12413;13.03;8.48;0.0144;-2.11
PHL	8;WN;5000;14.01;5.89;0.0064;-1.13
PHL	9;NK;4910;15.43;5.49;0.0193;0.29
PHL	10;AA;45611;18.05;11.15;0.0167;2.91
