OMA	1;UA;2890;10.46;7.98;0.0159;-0.85
OMA	2;WN;7854;10.88;3.97;0.0103;-0.43
OMA	3;OO;4308;11.09;7.18;0.0084;-0.22
OMA	4;G4;556;14.28;9.92;0.0216;2.97
OMA	5;AA;3170;17.62;12.79;0.0129;6.31
OMA	6;OH;91;20.84;20.02;0.011;9.53
OMA	7;F9;436;23.54;23.1;0.0183;12.23
OME	1;AS;365;-0.93;3.36;0.0356;0.0
ONT	1;MQ;66;-4.27;-8.71;0.0;-13.22
ONT	2;AS;1414;3.72;0.38;0.024;-5.23
ONT	3;DL;1840;4.46;-5.87;0.0092;-4.49
ONT	4;OO;2709;5.43;2.67;0.0041;-3.52
ONT	5;UA;1437;6.64;-1.5;0.0084;-2.31
ONT	6;WN;11100;7.61;0.14;0.0035;-1.34
ONT	7;HA;368;7.9;6.31;0.0054;-1.05
ONT	8;F9;3505;14.94;12.3;0.0203;5.99
ONT	9;B6;300;15.11;5.06;0.02;6.16
ONT	10;AA;3436;15.38;9.29;0.0116;6.43
ORD	1;YX;17102;4.6;-1.7;0.0094;-10.65
ORD	2;WN;6793;10.33;2.93;0.0159;-4.92
ORD	3;MQ;33887;10.97;7.44;0.0117;-4.28
ORD	4;9E;79;11.64;10.86;0.0127;-3.61
ORD	5;AS;3160;13.31;8.31;0.0146;-1.94
ORD	6;UA;89830;13.55;7.12;0.0132;-1.7
ORD	7;DL;10994;15.18;8.03;0.0112;-0.07
ORD	8;OO;53807;16.96;12.38;0.0174;1.71
ORD	9;AA;51995;21.6;16.93;0.011;6.35
ORD	10;NK;8500;21.65;13.4;0.0179;6.4
ORD	11;B6;1245;24.28;19.29;0.0177;9.03
ORD	12;F9;2660;28.3;28.95;0.0301;13.05
ORF	1;YX;2802;5.07;1.64;0.0243;-7.6
ORF	2;UA;2330;8.74;3.2;0.021;-3.93
ORF	3;MQ;420;8.85;4.32;0.0071;-3.82
ORF	4;OH;3108;9.63;6.16;0.0109;-3.04
ORF	5;WN;3155;11.04;4.25;0.0035;-1.63
ORF	6;9E;2197;12.23;6.56;0.0273;-0.44
ORF	7;DL;2443;13.14;6.36;0.0102;0.47
ORF	8;AA;2881;21.75;15.67;0.0201;9.08
ORF	9;NK;952;22.39;13.75;0.0305;9.72
ORF	10;G4;227;24.56;23.42;0.0352;11.89
ORF	11;OO;348;24.75;20.76;0.0057;12.08
ORF	12;F9;257;29.59;30.85;0.0467;16.92
ORH	1;YX;360;-0.19;-6.27;0.05;-16.35
ORH	2;9E;299;16.1;10.19;0.0502;-0.06
ORH	3;B6;745;23.84;13.86;0.0188;7.68
OTH	1;OO;345;35.35;29.62;0.0116;0.0
OTZ	1;AS;366;-2.31;-1.22;0.0601;0.0
PAE	1;AS;1071;2.3;-1.23;0.0299;0.0
PBG	1;G4;501;27.68;21.82;0.0399;0.0
PBI	1;YX;16;-4.81;-6.88;0.0;-21.71
PBI	2;NK;461;7.67;1.49;0.0174;-9.23
PBI	3;WN;2584;10.49;5.32;0.0077;-6.41
PBI	4;DL;7098;13.93;8.13;0.0135;-2.97
PBI	5;G4;377;16.04;14.2;0.0159;-0.86
PBI	6;B6;8566;16.57;10.97;0.0156;-0.33
PBI	7;UA;3534;17.09;10.15;0.0328;0.19
PBI	8;AA;6008;22.79;20.01;0.018;5.89
PBI	9;F9;832;28.49;24.17;0.0325;11.59
PDX	1;MQ;47;-4.36;-10.81;0.0;-12.54
PDX	2;AS;16983;4.94;3.6;0.0208;-3.24
PDX	3;OO;10637;5.1;3.84;0.0058;-3.08
PDX	4;DL;7171;5.98;-2.53;0.0084;-2.2
PDX	5;G4;330;7.75;2.71;0.0;-0.43
PDX	6;WN;9565;9.17;2.93;0.0049;0.99
PDX	7;UA;6626;10.23;3.48;0.014;2.05
PDX	8;HA;736;13.02;9.24;0.0068;4.84
PDX	9;NK;1717;14.43;7.79;0.0204;6.25
PDX	10;F9;1765;17.24;16.56;0.0232;9.06
PDX	11;AA;3794;19.51;12.29;0.0148;11.33
PDX	12;B6;213;45.55;39.26;0.0094;37.37
PGD	1;G4;6337;11.65;8.24;0.0181;0.0
PHL	1;YX;8788;3.26;-1.82;0.0183;-11.88
PHL	2;B6;1080;6.01;0.4;0.0167;-9.13
PHL	3;9E;150;6.35;-2.3;0.0;-8.79
PHL	4;UA;4040;8.39;0.41;0.0124;-6.75
PHL	5;AS;633;10.76;8.5;0.0142;-4.38
PHL	6;DL;5954;11.23;1.75;0.0091;-3.91
PHL	7;OH;12413;13.03;8.48;0.0144;-2.11
PHL	8;WN;5000;14.01;5.89;0.0064;-1.13
PHL	9;NK;4910;15.43;5.49;0.0193;0.29
PHL	10;AA;45611;18.05;11.15;0.0167;2.91
PHL	11;F9;11862;20.65;15.43;0.0268;5.51
PHL	12;OO;194;24.52;16.32;0.0103;9.38
PHX	1;AS;5016;4.77;3.86;0.0193;-6.18
PHX	2;MQ;8318;4.82;0.27;0.003;-6.13
PHX	3;OO;25385;5.08;1.95;0.0023;-5.87
PHX	4;HA;366;8.18;5.56;0.0027;-2.77
PHX	5;DL;10576;8.67;0.39;0.0068;-2.28
PHX	6;UA;10269;8.76;1.69;0.0161;-2.19
PHX	7;WN;66351;12.1;5.17;0.0046;1.15
PHX	8;F9;9540;12.97;9.85;0.0119;2.02
PHX	9;AA;55209;13.66;8.32;0.0055;2.71
PHX	10;G4;430;15.6;12.33;0.0093;4.65
PHX	11;NK;1142;18.69;15.44;0.021;7.74
PHX	12;B6;949;35.93;28.91;0.0116;24.98
PIA	1;G4;1088;8.2;3.89;0.0184;-6.36
PIA	2;OH;941;15.05;13.57;0.0149;0.49
PIA	3;OO;1096;18.21;13.61;0.0192;3.65
PIA	4;MQ;619;18.51;10.96;0.0129;3.95
PIB	1;OO;627;13.32;8.14;0.0287;0.0
PIE	1;G4;8303;10.12;7.34;0.0263;0.0
PIH	1;OO;700;-3.08;-9.15;0.0;0.0
PIT	1;YX;9662;0.13;-5.6;0.0129;-9.05
PIT	2;AS;470;3.77;-3.61;0.0255;-5.41
PIT	3;DL;3404;5.57;-1.96;0.0085;-3.61
PIT	4;OO;908;6.55;0.11;0.0033;-2.63
PIT	5;MQ;694;8.04;3.21;0.0115;-1.14
PIT	6;B6;1195;8.27;5.48;0.0176;-0.91
PIT	7;UA;3037;9.73;4.4;0.0095;0.55
PIT	8;WN;10219;9.89;3.55;0.0094;0.71
PIT	9;G4;1404;10.35;7.01;0.0214;1.17
PIT	10;OH;696;12.59;7.59;0.0273;3.41
PIT	11;9E;1801;14.22;7.27;0.0272;5.04
PIT	12;AA;6326;16.24;13.14;0.0128;7.06
PIT	13;F9;537;17.34;22.85;0.041;8.16
PIT	14;NK;3478;19.55;12.06;0.0288;10.37
PLN	1;OO;846;12.47;5.67;0.0189;0.0
PNS	1;DL;2554;2.67;-2.9;0.0074;-11.49
PNS	2;UA;693;6.23;-0.1;0.0159;-7.93
PNS	3;WN;2272;7.0;0.21;0.0035;-7.16
PNS	4;MQ;1521;10.66;8.16;0.0138;-3.5
PNS	5;F9;414;15.41;12.08;0.0217;1.25
PNS	6;NK;961;15.48;6.81;0.026;1.32
PNS	7;OH;2635;19.22;17.01;0.0095;5.06
PNS	8;9E;265;22.76;16.84;0.0113;8.6
PNS	9;YX;86;24.88;20.87;0.0233;10.72
PNS	10;OO;177;29.01;26.34;0.0;14.85
PNS	11;AA;1786;34.42;33.43;0.0246;20.26
PPG	1;HA;125;19.99;15.55;0.0;0.0
PQI	1;B6;117;6.64;1.58;0.0085;0.0
PRC	1;OO;731;23.63;20.51;0.0055;0.0
PSC	1;OO;4149;5.43;0.1;0.0031;-0.83
PSC	2;G4;309;7.27;4.03;0.0065;1.01
PSC	3;AS;373;7.44;9.59;0.0214;1.18
PSC	4;DL;402;12.98;3.66;0.005;6.72
PSE	1;B6;644;7.42;0.96;0.0233;-0.85
PSE	2;F9;301;10.06;7.23;0.0199;1.79
PSG	1;AS;726;-0.65;-2.23;0.0152;0.0
PSM	1;G4;373;16.72;8.5;0.0214;0.0
PSP	1;AS;1518;3.34;0.91;0.0369;-5.35
PSP	2;DL;662;6.91;-2.23;0.003;-1.78
PSP	3;MQ;118;7.34;4.08;0.0254;-1.35
PSP	4;WN;2610;7.74;1.82;0.0027;-0.95
PSP	5;F9;20;8.0;10.75;0.0;-0.69
PSP	6;OO;5438;8.11;6.8;0.0075;-0.58
PSP	7;G4;102;9.81;5.96;0.0;1.12
PSP	8;UA;1473;10.35;3.89;0.0048;1.66
PSP	9;AA;1787;14.62;10.63;0.0123;5.93
PSP	10;B6;79;30.13;19.23;0.0127;21.44
PVD	1;YX;1008;2.19;-4.51;0.0079;-9.3
PVD	2;UA;134;8.98;6.77;0.0149;-2.51
PVD	3;MQ;465;9.82;10.02;0.0043;-1.67
PVD	4;B6;1594;9.89;3.13;0.0088;-1.6
PVD	5;WN;4888;10.0;1.33;0.0115;-1.49
PVD	6;OO;563;11.41;9.0;0.0053;-0.08
PVD	7;9E;744;12.2;4.15;0.0228;0.71
PVD	8;OH;1643;13.05;10.33;0.0213;1.56
PVD	9;DL;1364;13.84;4.28;0.0103;2.35
PVD	10;AA;2210;16.81;11.77;0.009;5.32
PVD	11;G4;237;21.45;11.83;0.0042;9.96
