MOB	1;9E;770;4.47;-0.21;0.0091;-4.66
MOB	2;MQ;1045;9.71;7.21;0.0191;0.58
MOB	3;OO;192;24.41;19.14;0.0;15.28
MOB	4;OH;25;134.83;130.09;0.08;125.7
MOT	1;G4;376;14.34;6.94;0.0106;-0.21
MOT	2;OO;2000;14.59;10.08;0.0155;0.04
MQT	1;9E;121;-1.82;-14.26;0.0248;-12.95
MQT	2;OO;245;8.24;3.29;0.0163;-2.89
MQT	3;MQ;481;15.77;11.52;0.0042;4.64
MRY	1;MQ;477;4.87;2.0;0.0042;-6.41
MRY	2;OO;3456;7.83;5.81;0.0087;-3.45
MRY	3;AA;649;28.1;24.77;0.0139;16.82
MRY	4;G4;106;50.32;51.11;0.0094;39.04
MSN	1;YX;1212;1.84;-3.19;0.0099;-10.55
MSN	2;DL;1924;5.41;-2.47;0.0104;-6.98
MSN	3;9E;754;6.23;-0.3;0.0225;-6.16
MSN	4;UA;1523;7.76;5.48;0.0131;-4.63
MSN	5;OH;1091;12.03;10.69;0.0101;-0.36
MSN	6;MQ;671;12.05;12.29;0.0194;-0.34
MSN	7;OO;2229;14.08;10.93;0.0148;1.69
MSN	8;F9;312;18.17;11.18;0.0192;5.78
MSN	9;AA;2073;28.28;24.14;0.0121;15.89
MSO	1;OO;1139;7.12;4.19;0.0079;-4.97
MSO	2;DL;731;8.68;3.87;0.0109;-3.41
MSO	3;MQ;348;11.4;9.39;0.0086;-0.69
MSO	4;UA;1041;12.65;5.57;0.0183;0.56
MSO	5;F9;117;13.42;15.24;0.0256;1.33
MSO	6;AS;249;15.09;5.7;0.0;3.0
MSO	7;AA;232;17.08;11.29;0.0043;4.99
MSO	8;G4;313;30.64;29.4;0.0192;18.55
MSP	1;9E;7555;6.94;3.14;0.0081;-3.15
MSP	2;AS;1050;7.57;1.81;0.0143;-2.52
MSP	3;YX;1208;7.83;3.64;0.0174;-2.26
MSP	4;UA;5410;8.51;3.89;0.0137;-1.58
MSP	5;DL;69402;8.84;2.01;0.0083;-1.25
MSP	6;WN;7297;9.2;1.65;0.007;-0.89
MSP	7;MQ;898;10.47;8.88;0.0078;0.38
MSP	8;OO;25134;12.67;7.44;0.0074;2.58
MSP	9;NK;1181;13.93;10.95;0.011;3.84
MSP	10;G4;271;15.95;5.17;0.0037;5.86
MSP	11;AA;4698;16.07;10.31;0.0136;5.98
MSP	12;F9;1676;19.36;16.0;0.0197;9.27
MSP	13;OH;675;23.21;22.22;0.0237;13.12
MSP	14;B6;324;35.18;30.57;0.0154;25.09
MSY	1;9E;2;-7.0;-27.5;0.0;-21.18
MSY	2;MQ;1075;9.18;6.45;0.0167;-5.0
MSY	3;YX;605;9.6;4.48;0.0066;-4.58
MSY	4;UA;6525;10.09;4.59;0.0215;-4.09
MSY	5;AS;702;10.45;5.63;0.0071;-3.73
MSY	6;DL;7243;11.33;4.0;0.0095;-2.85
MSY	7;OO;322;11.9;6.99;0.0342;-2.28
MSY	8;WN;18753;13.41;8.51;0.0099;-0.77
MSY	9;NK;5229;13.8;7.43;0.021;-0.38
MSY	10;OH;659;15.3;8.06;0.0228;1.12
MSY	11;F9;855;20.88;17.8;0.0409;6.7
MSY	12;AA;6759;21.78;19.18;0.016;7.6
MSY	13;B6;1354;26.04;19.19;0.0177;11.86
MSY	14;G4;90;32.19;28.58;0.0111;18.01
MTJ	1;DL;103;5.43;-0.68;0.0;-7.09
MTJ	2;UA;847;8.6;-0.72;0.013;-3.92
MTJ	3;WN;623;10.92;4.17;0.0016;-1.6
MTJ	4;OO;717;11.94;5.97;0.0167;-0.58
MTJ	5;MQ;62;16.08;16.45;0.0323;3.56
MTJ	6;AA;504;22.88;20.85;0.002;10.36
MVY	1;YX;536;15.75;15.09;0.0429;-4.57
MVY	2;B6;517;21.62;20.77;0.0561;1.3
MVY	3;MQ;22;98.14;103.64;0.0;77.82
MYR	1;OO;32;-0.91;-7.75;0.0;-10.81
MYR	2;DL;2042;2.42;-3.98;0.0103;-7.48
MYR	3;9E;547;6.76;-1.77;0.0238;-3.14
MYR	4;WN;2356;8.05;1.71;0.0064;-1.85
MYR	5;YX;616;8.35;0.77;0.0373;-1.55
MYR	6;MQ;385;9.56;5.63;0.0104;-0.34
MYR	7;UA;282;9.86;0.4;0.0142;-0.04
MYR	8;NK;4787;10.02;4.85;0.0255;0.12
MYR	9;OH;2251;10.98;7.06;0.0182;1.08
MYR	10;AA;1169;14.24;11.1;0.0197;4.34
MYR	11;G4;1129;18.92;17.61;0.0301;9.02
MYR	12;F9;414;22.28;20.27;0.0628;12.38
OAJ	1;DL;304;3.37;-2.2;0.0132;-7.22
OAJ	2;9E;548;7.9;0.57;0.0;-2.69
OAJ	3;OH;945;14.52;11.75;0.018;3.93
OAK	1;HA;1010;-1.22;-2.9;0.0198;-9.76
OAK	2;OO;1350;2.11;-1.7;0.003;-6.43
OAK	3;G4;156;2.67;2.9;0.0128;-5.87
OAK	4;AS;726;4.34;-2.57;0.0234;-4.2
OAK	5;DL;567;5.2;-3.85;0.0141;-3.34
OAK	6;NK;2863;9.1;4.94;0.0192;0.56
OAK	7;WN;34697;9.2;2.12;0.0052;0.66
OGG	1;WN;6684;0.09;-6.04;0.0051;-3.77
OGG	2;UA;1868;3.89;-8.26;0.0102;0.03
OGG	3;HA;13588;4.15;2.61;0.0093;0.29
OGG	4;AA;1260;8.35;-1.36;0.004;4.49
OGG	5;DL;1021;8.38;-3.74;0.0118;4.52
OGG	6;AS;2122;9.26;2.23;0.0358;5.4
OKC	1;DL;1724;2.46;-5.63;0.0087;-6.65
OKC	2;AS;347;4.61;5.33;0.0231;-4.5
OKC	3;YX;956;6.4;1.8;0.0157;-2.71
OKC	4;F9;464;6.63;0.58;0.0151;-2.48
OKC	5;MQ;2128;7.79;4.22;0.0188;-1.32
OKC	6;WN;7282;7.86;2.42;0.006;-1.25
OKC	7;OO;6690;8.77;5.13;0.0064;-0.34
OKC	8;G4;154;13.93;11.84;0.0065;4.82
OKC	9;UA;30;16.13;17.83;0.0;7.02
OKC	10;AA;2708;18.4;16.37;0.0185;9.29
OKC	11;OH;307;25.43;22.18;0.0195;16.32
OKC	12;9E;4;36.75;39.0;0.0;27.64
OMA	1;YX;1045;3.84;0.49;0.0144;-7.47
OMA	2;AS;470;5.56;2.83;0.0149;-5.75
OMA	3;MQ;547;6.36;3.21;0.0128;-4.95
OMA	4;DL;1902;7.58;-1.24;0.01;-3.73
OMA	5;9E;497;9.77;5.01;0.0302;-1.54
