HPN	1;MQ;1208;9.38;3.24;0.0182;-4.0
HPN	2;B6;5288;9.48;3.58;0.0144;-3.9
HPN	3;9E;956;11.85;1.15;0.0146;-1.53
HPN	4;DL;979;13.85;2.32;0.0092;0.47
HPN	5;OH;2796;16.64;13.65;0.0243;3.26
HPN	6;OO;1046;30.44;23.08;0.021;17.06
HRL	1;OO;250;2.71;0.11;0.016;-5.09
HRL	2;DL;208;3.18;-7.45;0.0048;-4.62
HRL	3;MQ;1581;7.05;5.07;0.0152;-0.75
HRL	4;WN;2266;9.29;5.78;0.0057;1.49
HSV	1;YX;229;1.74;0.41;0.0175;-11.15
HSV	2;DL;1958;3.81;-4.27;0.0107;-9.08
HSV	3;9E;590;7.4;2.61;0.0153;-5.49
HSV	4;OO;1720;15.01;10.93;0.0093;2.12
HSV	5;MQ;1840;16.21;12.15;0.0163;3.32
HSV	6;OH;2546;18.33;16.23;0.0208;5.44
HSV	7;AA;13;23.15;15.38;0.0;10.26
HTS	1;G4;426;42.79;41.86;0.0329;0.0
HYA	1;YX;165;12.72;18.6;0.0121;-14.02
HYA	2;B6;104;50.3;54.45;0.0673;23.56
HYS	1;OO;670;11.01;4.13;0.0194;0.0
IAD	1;MQ;26;3.96;8.24;0.0385;-6.18
IAD	2;9E;388;4.14;-5.31;0.0026;-6.0
IAD	3;YX;8217;4.27;-1.43;0.0131;-5.87
IAD	4;UA;32249;10.04;3.46;0.0147;-0.1
IAD	5;AS;2100;10.71;5.51;0.0152;0.57
IAD	6;WN;1139;11.24;2.62;0.0026;1.1
IAD	7;DL;3225;11.92;0.93;0.0074;1.78
IAD	8;OH;1657;13.3;5.48;0.0109;3.16
IAD	9;F9;100;18.2;15.76;0.0;8.06
IAD	10;AA;741;19.09;9.54;0.0162;8.95
IAD	11;OO;2704;19.34;14.02;0.0141;9.2
IAD	12;G4;345;34.67;26.79;0.0174;24.53
IAG	1;G4;383;23.66;18.14;0.0209;0.0
IAH	1;AS;883;9.12;4.78;0.0238;-8.7
IAH	2;OH;38;11.61;8.97;0.0;-6.21
IAH	3;WN;2876;13.42;7.92;0.0163;-4.4
IAH	4;DL;8028;13.61;5.79;0.0112;-4.21
IAH	5;MQ;1463;14.86;7.92;0.0328;-2.96
IAH	6;NK;9792;16.34;9.81;0.0217;-1.48
IAH	7;UA;68547;17.4;12.02;0.0185;-0.42
IAH	8;OO;13015;18.44;13.62;0.0266;0.62
IAH	9;AA;7086;24.59;19.73;0.0279;6.77
IAH	10;B6;736;26.54;20.72;0.0217;8.72
IAH	11;F9;3421;29.41;28.27;0.0313;11.59
IAH	12;YX;55;40.95;34.69;0.0;23.13
ICT	1;WN;1773;2.31;-4.7;0.0023;-8.19
ICT	2;UA;587;2.42;6.14;0.0085;-8.08
ICT	3;9E;168;5.37;1.93;0.0;-5.13
ICT	4;DL;884;7.42;0.55;0.0113;-3.08
ICT	5;MQ;2380;9.86;6.11;0.0172;-0.64
ICT	6;G4;365;12.0;5.01;0.0082;1.5
ICT	7;OO;3243;13.67;9.11;0.0105;3.17
ICT	8;OH;316;21.75;22.87;0.0063;11.25
ICT	9;AA;560;29.01;26.81;0.0286;18.51
IDA	1;DL;96;7.39;9.92;0.0;-3.68
IDA	2;OO;2842;8.05;1.71;0.0053;-3.02
IDA	3;G4;492;29.22;27.49;0.0041;18.15
ILM	1;YX;1354;6.09;4.86;0.0222;-4.12
ILM	2;OO;39;6.54;0.92;0.0;-3.67
ILM	3;9E;1312;7.17;1.54;0.0213;-3.04
ILM	4;MQ;1096;7.48;3.78;0.0082;-2.73
ILM	5;OH;1997;10.59;8.83;0.0155;0.38
ILM	6;DL;783;11.1;4.01;0.014;0.89
ILM	7;AA;1488;17.81;12.37;0.0215;7.6
IMT	1;OO;729;14.52;9.35;0.0123;0.0
IND	1;YX;12727;1.96;-2.6;0.0121;-7.34
IND	2;9E;2416;6.84;-1.08;0.0228;-2.46
IND	3;DL;4495;8.31;1.48;0.0065;-0.99
IND	4;MQ;1063;8.57;3.78;0.0188;-0.73
IND	5;UA;2368;9.17;4.07;0.0186;-0.13
IND	6;OH;295;9.48;6.24;0.0102;0.18
IND	7;AS;539;9.95;6.21;0.0204;0.65
IND	8;WN;11355;11.14;4.12;0.0093;1.84
IND	9;NK;2320;15.34;8.07;0.0263;6.04
IND	10;OO;1148;15.34;9.97;0.0148;6.04
IND	11;G4;1478;15.66;13.19;0.021;6.36
IND	12;AA;6703;15.84;11.66;0.0121;6.54
IND	13;F9;851;20.61;15.81;0.0235;11.31
INL	1;OO;653;13.87;7.16;0.0123;0.0
ISP	1;WN;2847;12.75;3.18;0.0102;-2.3
ISP	2;B6;148;15.31;11.84;0.0;0.26
ISP	3;F9;1782;18.8;7.87;0.0354;3.75
ITH	1;YX;83;6.26;-6.88;0.0361;-1.78
ITH	2;9E;727;8.25;-3.83;0.0289;0.21
ITO	1;WN;1829;-2.45;-5.26;0.0038;-4.58
ITO	2;HA;4928;3.84;3.98;0.0108;1.71
JAC	1;AS;83;3.08;4.05;0.0602;-18.8
JAC	2;OO;1150;10.09;3.85;0.0157;-11.79
JAC	3;DL;1303;16.41;7.75;0.0084;-5.47
JAC	4;UA;2036;16.58;10.85;0.0192;-5.3
JAC	5;AA;1053;53.08;48.89;0.0114;31.2
JAN	1;DL;2003;3.95;-2.39;0.006;-7.56
JAN	2;9E;248;5.64;3.44;0.004;-5.87
JAN	3;WN;1755;11.15;5.77;0.008;-0.36
JAN	4;OO;448;15.54;12.63;0.0089;4.03
JAN	5;MQ;1080;17.17;13.72;0.0213;5.66
JAN	6;OH;1333;18.68;15.88;0.024;7.17
JAX	1;OO;163;6.73;3.03;0.0245;-5.93
JAX	2;YX;1672;6.82;1.32;0.0173;-5.84
JAX	3;9E;909;7.64;-0.2;0.0275;-5.02
JAX	4;WN;4758;8.56;2.71;0.0099;-4.1
JAX	5;MQ;1180;9.69;7.31;0.0136;-2.97
JAX	6;UA;3805;9.96;5.65;0.0142;-2.7
JAX	7;DL;5836;11.0;5.43;0.0113;-1.66
JAX	8;F9;910;14.93;12.43;0.0286;2.27
JAX	9;G4;728;15.54;12.19;0.0137;2.88
JAX	10;OH;1052;15.65;12.19;0.0143;2.99
JAX	11;AA;7369;17.95;15.51;0.0189;5.29
JAX	12;B6;1836;19.39;15.04;0.0207;6.73
JFK	1;YX;17238;4.39;-2.42;0.0215;-8.44
JFK	2;AS;3787;7.9;-0.22;0.0301;-4.93
JFK	3;9E;17133;8.26;1.1;0.0345;-4.57
JFK	4;HA;368;11.14;8.33;0.0109;-1.69
JFK	5;AA;14504;11.74;0.72;0.0113;-1.09
JFK	6;DL;30444;12.93;1.92;0.0094;0.1
JFK	7;F9;828;17.16;11.2;0.0109;4.33
JFK	8;B6;36115;19.03;10.7;0.0186;6.2
JFK	9;OO;2931;21.89;14.08;0.029;9.06
JLN	1;OO;627;18.15;10.96;0.0191;0.0
JMS	1;OO;615;15.9;12.21;0.0569;0.0
JNU	1;AS;4587;1.51;0.6;0.0187;-0.28
JNU	2;DL;151;10.27;2.87;0.0;8.48
JST	1;OO;731;19.53;12.38;0.0233;0.0
KOA	1;WN;3402;-1.07;-6.48;0.0047;-5.56
KOA	2;HA;7780;3.25;2.78;0.0082;-1.24
KOA	3;DL;732;6.08;-4.54;0.0205;1.59
KOA	4;AS;2052;8.93;1.68;0.0307;4.44
KOA	5;UA;1610;9.78;-1.48;0.0161;5.29
KOA	6;AA;751;17.8;8.13;0.0;13.31
KTN	1;AS;2421;0.59;-2.56;0.0182;-1.07
KTN	2;OO;94;29.11;32.22;0.0213;27.45
