LAN	1;9E;146;6.64;0.34;0.0205;-9.67
LAN	2;OO;858;17.4;14.02;0.007;1.09
LAN	3;OH;294;17.93;17.65;0.0306;1.62
LAR	1;OO;627;10.23;8.04;0.0367;0.0
LAS	1;G4;7539;8.17;3.23;0.006;-4.72
LAS	2;DL;16263;8.56;0.56;0.0073;-4.33
LAS	3;UA;14306;9.39;3.12;0.0171;-3.5
LAS	4;NK;26247;10.42;4.61;0.0116;-2.47
LAS	5;AS;5436;10.69;8.95;0.0221;-2.2
LAS	6;WN;85662;13.81;5.82;0.0052;0.92
LAS	7;F9;13091;14.81;11.19;0.0141;1.92
LAS	8;OO;2236;15.05;17.38;0.0152;2.16
LAS	9;B6;3012;19.28;9.45;0.0076;6.39
LAS	10;AA;14022;19.59;12.25;0.0106;6.7
LAS	11;HA;1412;19.71;17.75;0.0028;6.82
LAS	12;MQ;26;66.96;60.15;0.0;54.07
LAW	1;OO;935;13.08;10.73;0.0353;-0.51
LAW	2;MQ;151;16.71;9.8;0.0265;3.12
LAX	1;AS;9281;5.27;1.47;0.0187;-5.0
LAX	2;OO;38410;6.16;4.01;0.0036;-4.11
LAX	3;UA;27366;8.41;0.42;0.0171;-1.86
LAX	4;B6;9196;9.23;1.27;0.0034;-1.04
LAX	5;DL;36344;9.62;3.2;0.0067;-0.65
LAX	6;NK;11467;10.04;2.52;0.0116;-0.23
LAX	7;G4;1038;11.07;7.23;0.0077;0.8
LAX	8;WN;25868;11.54;4.36;0.0044;1.27
LAX	9;MQ;55;13.04;10.36;0.0;2.77
LAX	10;HA;2324;13.81;10.56;0.0125;3.54
LAX	11;AA;30404;17.07;9.72;0.0066;6.8
LAX	12;F9;2300;28.72;28.55;0.0187;18.45
LBB	1;WN;2637;6.55;-0.74;0.008;-3.96
LBB	2;OO;1182;10.92;8.78;0.0203;0.41
LBB	3;MQ;1946;11.29;9.15;0.019;0.78
LBB	4;AA;425;30.8;28.48;0.0259;20.29
LBE	1;NK;576;4.98;-4.2;0.0243;0.0
LBF	1;OO;628;7.5;7.15;0.0191;0.0
LBL	1;OO;566;10.41;6.76;0.0353;0.0
LCH	1;OO;1010;19.87;16.52;0.0228;-1.23
LCH	2;MQ;76;37.92;38.33;0.0526;16.82
LCK	1;G4;958;16.6;13.53;0.0251;0.0
LEX	1;YX;756;2.5;0.42;0.0079;-9.25
LEX	2;9E;215;4.83;-1.7;0.0;-6.92
LEX	3;DL;1846;5.89;-5.75;0.0114;-5.86
LEX	4;MQ;1018;8.85;2.27;0.0147;-2.9
LEX	5;OO;1886;9.84;4.07;0.0095;-1.91
LEX	6;OH;1519;11.43;6.89;0.0099;-0.32
LEX	7;G4;830;24.13;22.42;0.0229;12.38
LEX	8;AA;1068;27.13;25.55;0.0253;15.38
LFT	1;9E;802;6.76;0.73;0.0125;-9.33
LFT	2;MQ;415;13.94;9.82;0.012;-2.15
LFT	3;OO;949;14.75;8.44;0.0148;-1.34
LFT	4;OH;1088;25.12;23.27;0.0349;9.03
LFT	5;NK;1;73.0;59.0;0.0;56.91
LGA	1;YX;42015;3.12;-4.53;0.0231;-7.58
LGA	2;9E;32064;7.33;-3.04;0.035;-3.37
LGA	3;UA;8310;9.61;2.05;0.0206;-1.09
LGA	4;NK;8104;13.12;2.87;0.0244;2.42
LGA	5;DL;27439;14.07;3.88;0.0139;3.37
LGA	6;WN;11626;15.1;2.47;0.0175;4.4
LGA	7;AA;16671;16.58;8.67;0.023;5.88
LGA	8;B6;9572;18.89;10.41;0.0218;8.19
LGA	9;OO;4129;21.32;14.5;0.0281;10.62
LGA	10;F9;2502;30.66;23.35;0.036;19.96
LGB	1;HA;663;1.25;-4.61;0.006;-6.14
LGB	2;OO;640;4.68;-1.0;0.0;-2.71
LGB	3;WN;15909;7.56;0.61;0.0053;0.17
LGB	4;DL;438;14.31;6.52;0.0068;6.92
LIH	1;WN;3342;-0.18;-6.91;0.0012;-3.63
LIH	2;DL;732;1.39;-10.9;0.015;-2.06
LIH	3;HA;8769;3.17;2.14;0.0132;-0.28
LIH	4;UA;1250;3.39;-7.22;0.0048;-0.06
LIH	5;AA;751;11.01;0.57;0.0;7.56
LIH	6;AS;1113;12.96;5.61;0.0099;9.51
LIT	1;DL;2031;4.02;-3.27;0.0064;-8.46
LIT	2;YX;465;4.92;1.13;0.0129;-7.56
LIT	3;F9;112;7.58;6.11;0.0179;-4.9
LIT	4;WN;2569;7.68;0.48;0.0027;-4.8
LIT	5;OO;1929;12.02;9.31;0.015;-0.46
LIT	6;9E;285;12.28;8.2;0.014;-0.2
LIT	7;MQ;3625;14.5;12.78;0.0108;2.02
LIT	8;OH;762;27.87;22.55;0.0197;15.39
LIT	9;AA;760;29.65;28.62;0.0184;17.17
LIT	10;G4;119;35.58;31.75;0.0084;23.1
LNK	1;YX;37;9.75;4.39;0.027;-3.51
LNK	2;OO;1826;13.33;7.44;0.0066;0.07
LRD	1;OO;65;8.92;8.54;0.0;-4.78
LRD	2;MQ;1596;13.1;11.51;0.0163;-0.6
LRD	3;G4;134;23.14;19.75;0.0149;9.44
LSE	1;MQ;332;10.26;7.27;0.0181;0.0
LWS	1;OO;1097;11.28;7.25;0.0055;0.0
MAF	1;UA;49;-1.27;-0.12;0.0204;-11.1
MAF	2;WN;3675;8.44;3.36;0.0101;-1.39
MAF	3;OO;3199;9.9;5.96;0.0113;0.07
MAF	4;MQ;2558;11.99;9.58;0.0203;2.16
MBS	1;9E;96;-1.47;-4.93;0.0;-15.44
MBS	2;OO;2114;14.68;10.77;0.0147;0.71
MCI	1;AS;775;-0.06;-1.75;0.0103;-9.65
MCI	2;DL;7081;4.75;-1.85;0.0075;-4.84
