CHO	1;9E;1784;9.29;2.28;0.0269;-0.91
CHO	2;DL;257;9.61;-1.29;0.0;-0.59
CHO	3;OO;636;15.86;16.5;0.0189;5.66
CHS	1;YX;2272;4.09;-1.04;0.0132;-7.32
CHS	2;AS;350;4.34;-1.52;0.0257;-7.07
CHS	3;OH;1741;7.54;5.08;0.0184;-3.87
CHS	4;WN;3534;7.99;2.84;0.0062;-3.42
CHS	5;MQ;921;8.54;4.52;0.0152;-2.87
CHS	6;UA;2226;9.44;4.74;0.013;-1.97
CHS	7;DL;3892;9.66;4.18;0.009;-1.75
CHS	8;9E;1988;10.36;3.79;0.0428;-1.05
CHS	9;G4;206;13.16;12.18;0.0291;1.75
CHS	10;OO;369;14.99;12.93;0.0136;3.58
CHS	11;B6;1840;16.77;12.14;0.0163;5.36
CHS	12;AA;4892;17.82;14.63;0.0184;6.41
CHS	13;F9;175;18.63;14.24;0.0229;7.22
CHS	14;NK;1288;19.29;13.01;0.0311;7.88
CID	1;9E;160;1.02;-2.62;0.0;-14.53
CID	2;YX;154;3.95;-4.86;0.0519;-11.6
CID	3;MQ;1180;7.78;4.88;0.0195;-7.77
CID	4;F9;275;9.51;6.78;0.0218;-6.04
CID	5;UA;1147;9.53;6.71;0.0174;-6.02
CID	6;OH;685;12.77;7.65;0.0336;-2.78
CID	7;G4;979;13.26;6.65;0.0225;-2.29
CID	8;OO;1929;16.11;13.82;0.0233;0.56
CID	9;DL;370;17.88;12.78;0.0135;2.33
CID	10;AA;1256;34.93;29.33;0.0318;19.38
CIU	1;OO;728;23.95;18.38;0.0137;0.0
CKB	1;G4;207;37.02;35.43;0.0242;0.0
CLE	1;AS;477;4.36;1.44;0.0168;-5.97
CLE	2;UA;8568;4.37;-2.22;0.0138;-5.96
CLE	3;YX;4421;4.6;-1.17;0.0217;-5.73
CLE	4;WN;5034;7.52;0.12;0.007;-2.81
CLE	5;MQ;612;8.8;2.08;0.0098;-1.53
CLE	6;B6;822;9.67;6.26;0.0158;-0.66
CLE	7;DL;3187;9.78;-0.25;0.0088;-0.55
CLE	8;OH;1513;11.09;8.87;0.0132;0.76
CLE	9;OO;1674;12.34;5.86;0.0084;2.01
CLE	10;NK;1007;13.04;4.89;0.0238;2.71
CLE	11;9E;2484;13.62;5.66;0.0278;3.29
CLE	12;AA;4670;14.07;9.94;0.0193;3.74
CLE	13;F9;6637;20.08;13.95;0.028;9.75
CLL	1;MQ;832;10.83;6.04;0.0216;-2.85
CLL	2;OO;290;21.96;20.59;0.0345;8.28
CLT	1;YX;2629;8.25;3.69;0.0129;-10.19
CLT	2;DL;6231;10.78;2.12;0.0064;-7.66
CLT	3;UA;4045;12.35;8.93;0.0148;-6.09
CLT	4;OH;56854;12.5;8.25;0.0118;-5.94
CLT	5;9E;3136;14.7;9.03;0.0392;-3.74
CLT	6;MQ;6134;15.68;11.85;0.0145;-2.76
CLT	7;WN;3300;17.48;11.03;0.0033;-0.96
CLT	8;B6;530;17.57;9.36;0.0189;-0.87
CLT	9;OO;57;20.12;9.09;0.0;1.68
CLT	10;AA;126484;21.67;17.07;0.0134;3.23
CLT	11;NK;4886;22.38;16.47;0.0272;3.94
CLT	12;F9;3288;31.18;33.37;0.0335;12.74
CMH	1;YX;11543;1.37;-4.35;0.0119;-7.64
CMH	2;DL;3332;5.85;-1.7;0.0087;-3.16
CMH	3;AS;471;7.32;-1.73;0.0191;-1.69
CMH	4;WN;11900;9.49;2.16;0.0096;0.48
CMH	5;9E;252;9.72;1.48;0.004;0.71
CMH	6;MQ;3122;11.83;7.08;0.0067;2.82
CMH	7;UA;2678;13.6;10.31;0.0146;4.59
CMH	8;NK;2547;13.79;4.35;0.0196;4.78
CMH	9;OO;1329;14.73;7.98;0.0015;5.72
CMH	10;OH;1329;15.69;10.7;0.0105;6.68
CMH	11;F9;242;18.13;15.41;0.0289;9.12
CMH	12;AA;3527;20.89;16.14;0.0164;11.88
CMI	1;MQ;1385;15.49;8.07;0.0152;0.0
CMX	1;OO;730;19.24;17.73;0.0411;0.0
CNY	1;OO;31;3.41;-1.86;0.0645;0.0
COD	1;OO;631;17.09;9.51;0.0079;0.0
COS	1;UA;745;8.62;5.14;0.0255;-1.62
COS	2;OO;5008;8.86;2.16;0.0116;-1.38
COS	3;WN;4912;9.34;3.6;0.0063;-0.9
COS	4;DL;554;13.89;8.79;0.0072;3.65
COS	5;MQ;355;15.64;13.14;0.0028;5.4
