SAT	1;DL;6171;10.93;3.95;0.0079;-0.73
SAT	2;YX;11;11.45;-1.45;0.0;-0.21
SAT	3;MQ;260;12.72;8.25;0.0115;1.06
SAT	4;NK;2114;16.85;8.36;0.0222;5.19
SAT	5;AA;8015;16.99;14.84;0.018;5.33
SAT	6;F9;703;19.73;11.06;0.0256;8.07
SAT	7;B6;582;33.37;25.48;0.0206;21.71
SAT	8;G4;22;74.5;74.91;0.0;62.84
SAV	1;OO;389;4.5;1.25;0.0206;-7.85
SAV	2;F9;162;5.66;7.23;0.0247;-6.69
SAV	3;YX;1160;6.81;0.47;0.0078;-5.54
SAV	4;DL;3308;8.63;2.19;0.0079;-3.72
SAV	5;MQ;972;9.16;5.19;0.0082;-3.19
SAV	6;UA;1308;10.23;4.27;0.0153;-2.12
SAV	7;WN;2831;10.56;5.51;0.0064;-1.79
SAV	8;OH;3484;10.82;5.45;0.0126;-1.53
SAV	9;9E;1865;14.18;5.87;0.0375;1.83
SAV	10;G4;824;14.9;12.7;0.0121;2.55
SAV	11;B6;913;16.07;12.0;0.011;3.72
SAV	12;AA;1904;28.5;21.2;0.0252;16.15
SBA	1;AS;330;-0.37;-2.29;0.0091;-12.05
SBA	2;MQ;293;3.81;-0.81;0.0102;-7.87
SBA	3;WN;1933;7.59;1.05;0.014;-4.09
SBA	4;OO;1777;11.02;8.08;0.0146;-0.66
SBA	5;DL;622;14.3;7.02;0.0048;2.62
SBA	6;UA;1504;14.81;10.05;0.0226;3.13
SBA	7;AA;1034;20.42;16.55;0.0135;8.74
SBN	1;9E;11;-4.0;-16.45;0.0;-18.94
SBN	2;AA;2;-4.0;-15.0;0.0;-18.94
SBN	3;UA;25;7.44;0.0;0.0;-7.5
SBN	4;G4;819;10.68;4.53;0.0171;-4.26
SBN	5;OH;1166;14.15;10.56;0.0086;-0.79
SBN	6;OO;4597;15.97;9.38;0.0165;1.03
SBN	7;YX;65;16.3;12.81;0.0154;1.36
SBP	1;MQ;165;0.48;-2.88;0.0;-10.54
SBP	2;AS;62;7.23;7.19;0.0;-3.79
SBP	3;OO;3867;7.96;6.12;0.0119;-3.06
SBP	4;UA;349;8.72;2.22;0.0086;-2.3
SBP	5;AA;801;29.14;24.06;0.0037;18.12
SCC	1;AS;570;-7.07;-8.26;0.0316;0.0
SCE	1;YX;8;-3.62;-1.62;0.0;-15.32
SCE	2;OH;13;-2.55;-0.27;0.1538;-14.25
SCE	3;OO;554;12.21;7.43;0.0144;0.51
SCK	1;G4;515;24.59;24.65;0.0039;0.0
SDF	1;YX;6273;1.22;-2.66;0.0094;-8.54
SDF	2;DL;2440;4.76;-2.36;0.009;-5.0
SDF	3;WN;5086;7.34;1.12;0.0077;-2.42
SDF	4;MQ;1593;10.54;7.2;0.0113;0.78
SDF	5;UA;846;10.83;4.95;0.0095;1.07
SDF	6;OO;1893;12.23;7.11;0.0063;2.47
SDF	7;9E;173;12.66;9.88;0.0231;2.9
SDF	8;NK;864;18.36;11.59;0.015;8.6
SDF	9;G4;709;20.1;15.8;0.0183;10.34
SDF	10;OH;1667;20.24;17.35;0.0114;10.48
SDF	11;AA;2578;24.93;22.56;0.0202;15.17
SEA	1;OO;26516;6.73;4.04;0.004;-2.81
SEA	2;DL;31865;8.0;0.94;0.0056;-1.54
SEA	3;AS;78143;9.27;6.09;0.0154;-0.27
SEA	4;UA;9073;10.47;4.41;0.0176;0.93
SEA	5;WN;8104;14.56;7.2;0.0021;5.02
SEA	6;MQ;511;16.34;6.25;0.0;6.8
SEA	7;NK;949;16.72;9.16;0.0105;7.18
SEA	8;AA;5595;19.25;10.58;0.0154;9.71
SEA	9;F9;1460;19.86;14.71;0.0199;10.32
SEA	10;HA;760;20.62;16.82;0.025;11.08
SEA	11;B6;749;21.43;13.88;0.0067;11.89
SFB	1;G4;9499;12.49;9.55;0.0164;0.0
SFO	1;HA;756;5.67;4.05;0.0238;-8.83
SFO	2;AS;11488;10.59;6.78;0.0259;-3.91
SFO	3;UA;51073;11.86;2.65;0.0139;-2.64
SFO	4;OO;31724;13.01;8.14;0.0135;-1.49
SFO	5;B6;4242;14.54;6.12;0.0042;0.04
SFO	6;DL;12879;14.55;4.5;0.0068;0.05
SFO	7;MQ;50;17.54;8.24;0.0;3.04
SFO	8;WN;7447;21.53;14.93;0.0046;7.03
SFO	9;AA;10740;23.48;15.8;0.0096;8.98
SFO	10;F9;4579;32.71;29.94;0.0207;18.21
SGF	1;9E;636;6.67;0.72;0.0047;-10.02
SGF	2;DL;402;13.22;4.36;0.005;-3.47
SGF	3;G4;852;14.31;10.0;0.0129;-2.38
SGF	4;MQ;3946;14.4;11.09;0.015;-2.29
SGF	5;OO;2467;19.74;14.19;0.0101;3.05
SGF	6;OH;977;28.28;26.47;0.0082;11.59
SGU	1;OO;3023;5.69;0.04;0.003;0.0
SHR	1;OO;730;3.03;1.81;0.0192;0.0
SHV	1;9E;1171;4.98;-1.61;0.0162;-8.3
SHV	2;MQ;839;11.97;6.78;0.0179;-1.31
SHV	3;OO;615;13.9;8.5;0.0098;0.62
SHV	4;G4;151;15.52;10.88;0.0199;2.24
SHV	5;OH;1715;19.22;16.72;0.0268;5.94
SIT	1;AS;1328;-1.23;-1.48;0.0151;-3.11
SIT	2;OO;93;47.57;42.63;0.043;45.69
SJC	1;HA;685;-0.37;-6.23;0.0088;-6.87
SJC	2;AS;2851;2.32;-1.49;0.0228;-4.18
SJC	3;OO;8601;2.45;-0.01;0.002;-4.05
SJC	4;MQ;363;2.57;-3.16;0.0055;-3.93
SJC	5;UA;2151;3.95;-4.56;0.0126;-2.55
SJC	6;DL;2231;4.75;-4.64;0.0072;-1.75
SJC	7;F9;641;7.51;8.28;0.0047;1.01
SJC	8;WN;28619;7.51;1.37;0.0052;1.01
SJC	9;NK;2631;11.09;8.48;0.0133;4.59
SJC	10;AA;1459;16.96;9.23;0.0103;10.46
SJC	11;B6;160;39.68;27.49;0.0187;33.18
SJT	1;MQ;725;11.43;9.48;0.0193;-0.29
SJT	2;OO;364;12.32;11.25;0.022;0.6
SJU	1;DL;3582;8.09;4.4;0.0036;-10.17
SJU	2;WN;3998;10.1;7.96;0.007;-8.16
SJU	3;UA;3129;12.96;9.09;0.015;-5.3
SJU	4;NK;4746;15.56;10.02;0.0204;-2.7
SJU	5;MQ;16;18.5;17.88;0.0;0.24
SJU	6;F9;5878;21.71;20.41;0.0216;3.45
