ABE	1;G4;1839;8.43;0.64;0.0163;-3.73
ABE	2;9E;1017;9.42;0.67;0.0138;-2.74
ABE	3;OH;1166;15.55;4.43;0.0129;3.39
ABE	4;OO;315;30.63;22.01;0.0381;18.47
ABI	1;MQ;1757;7.31;4.41;0.0085;0.0
ABQ	1;DL;1547;1.75;-5.59;0.009;-7.72
ABQ	2;OO;3987;2.1;-2.05;0.0045;-7.37
ABQ	3;MQ;907;5.28;3.25;0.0066;-4.19
ABQ	4;UA;1822;5.49;-0.32;0.0104;-3.98
ABQ	5;AS;423;8.42;4.52;0.0095;-1.05
ABQ	6;NK;525;9.08;5.21;0.0114;-0.39
ABQ	7;WN;11610;10.47;4.34;0.0053;1.0
ABQ	8;AA;3016;20.04;17.16;0.0209;10.57
ABQ	9;B6;255;48.96;45.11;0.0196;39.49
ABR	1;OO;728;19.3;10.72;0.0082;0.0
ABY	1;9E;38;9.53;4.37;0.0;-7.7
ABY	2;OO;727;17.64;16.5;0.0096;0.41
ACK	1;B6;1007;13.04;8.42;0.0387;-1.14
ACK	2;YX;619;15.08;15.23;0.084;0.9
ACK	3;MQ;22;21.82;22.68;0.0;7.64
ACK	4;OO;27;30.54;18.04;0.037;16.36
ACT	1;OO;750;14.17;14.08;0.0267;-1.34
ACT	2;MQ;337;18.48;18.01;0.0208;2.97
ACV	1;OO;1737;19.81;17.94;0.019;0.0
ACY	1;NK;3052;8.88;1.75;0.0183;0.0
ADK	1;AS;104;-6.06;-6.83;0.0769;0.0
ADQ	1;AS;816;2.66;1.35;0.0208;0.0
AEX	1;9E;878;14.56;9.6;0.0103;-2.28
AEX	2;OO;1055;18.04;13.54;0.0227;1.2
AEX	3;MQ;33;39.67;39.12;0.0;22.83
AGS	1;MQ;192;8.14;0.4;0.026;-9.49
AGS	2;YX;31;9.94;-0.71;0.0;-7.69
AGS	3;9E;1603;12.48;6.96;0.0206;-5.15
AGS	4;DL;168;17.85;12.74;0.0;0.22
AGS	5;OH;1573;21.25;19.72;0.0273;3.62
AGS	6;OO;432;27.2;20.63;0.0116;9.57
AGS	7;AA;23;36.48;34.35;0.0;18.85
AKN	1;AS;178;-6.47;-3.27;0.0056;0.0
ALB	1;MQ;186;2.77;0.95;0.0;-10.19
ALB	2;YX;332;3.24;-2.18;0.0151;-9.72
ALB	3;9E;1089;4.75;-4.38;0.0193;-8.21
ALB	4;UA;745;5.95;2.18;0.0121;-7.01
ALB	5;OO;834;9.54;4.0;0.0024;-3.42
ALB	6;WN;3532;11.49;3.81;0.0091;-1.47
ALB	7;DL;1352;13.36;3.75;0.0141;0.4
ALB	8;OH;1167;17.22;13.58;0.0308;4.26
ALB	9;B6;779;18.44;12.94;0.0128;5.48
ALB	10;AA;1453;20.52;13.76;0.0083;7.56
ALB	11;G4;573;24.64;15.53;0.014;11.68
ALW	1;OO;544;0.2;2.82;0.0331;0.0
AMA	1;WN;1941;7.14;0.94;0.0052;-2.14
AMA	2;MQ;2070;7.79;5.53;0.0169;-1.49
AMA	3;OO;870;14.56;11.78;0.0172;5.28
AMA	4;AA;205;22.62;21.82;0.0244;13.34
ANC	1;AS;14279;3.76;0.98;0.0163;-2.49
ANC	2;UA;1294;11.56;0.67;0.0185;5.31
ANC	3;DL;2468;11.78;1.73;0.0073;5.53
ANC	4;AA;502;35.57;22.97;0.004;29.32
APN	1;OO;629;16.04;9.79;0.0318;0.0
ASE	1;OO;7888;26.23;20.44;0.0654;0.0
ATL	1;9E;26877;6.61;2.45;0.0109;-4.49
ATL	2;YX;1233;8.85;6.09;0.0178;-2.25
ATL	3;AS;1440;9.21;4.06;0.0201;-1.89
ATL	4;DL;227628;9.25;5.34;0.0086;-1.85
ATL	5;WN;33394;12.64;6.55;0.0066;1.54
ATL	6;UA;7346;12.96;7.46;0.0163;1.86
ATL	7;MQ;666;17.87;15.14;0.0195;6.77
ATL	8;OH;2486;19.31;15.74;0.0161;8.21
ATL	9;NK;10205;20.34;13.26;0.0171;9.24
ATL	10;OO;8235;20.89;17.41;0.0077;9.79
ATL	11;AA;7717;22.4;18.21;0.0172;11.3
ATL	12;B6;3007;22.54;17.56;0.0156;11.44
ATL	13;F9;11676;25.29;20.74;0.0249;14.19
ATW	1;G4;1318;7.54;0.29;0.0197;-8.15
ATW	2;9E;176;10.79;9.34;0.0;-4.9
ATW	3;DL;325;10.8;2.75;0.0092;-4.89
ATW	4;MQ;753;13.71;6.83;0.0133;-1.98
ATW	5;OO;3687;19.69;15.99;0.0206;4.0
AUS	1;YX;121;2.12;-3.23;0.0;-12.63
AUS	2;OH;25;9.28;0.04;0.0;-5.47
AUS	3;UA;9568;10.56;4.59;0.0138;-4.19
AUS	4;AS;2837;11.15;8.29;0.0257;-3.6
AUS	5;WN;37521;11.77;5.61;0.0064;-2.98
