AUS	1;MQ;2281;13.06;10.94;0.0145;-1.69
AUS	2;DL;11200;14.12;6.82;0.0083;-0.63
AUS	3;9E;379;15.29;14.15;0.0053;0.54
AUS	4;NK;1091;18.8;11.2;0.0247;4.05
AUS	5;G4;1102;20.57;16.85;0.0191;5.82
AUS	6;OO;3696;21.57;16.98;0.0032;6.82
AUS	7;AA;13859;23.01;19.47;0.0149;8.26
AUS	8;F9;705;25.04;20.88;0.017;10.29
AUS	9;HA;166;32.15;36.62;0.006;17.4
AUS	10;B6;793;33.11;24.05;0.0101;18.36
AVL	1;YX;1129;8.16;2.42;0.0443;-7.99
AVL	2;9E;675;10.39;1.91;0.0207;-5.76
AVL	3;UA;188;11.29;5.99;0.0319;-4.86
AVL	4;OH;2075;11.81;11.15;0.0284;-4.34
AVL	5;DL;2268;12.26;3.49;0.0251;-3.89
AVL	6;OO;724;16.29;13.39;0.0401;0.14
AVL	7;G4;3270;17.92;14.34;0.0315;1.77
AVL	8;MQ;1181;22.71;19.8;0.0271;6.56
AVL	9;B6;83;25.28;23.67;0.012;9.13
AVL	10;AA;489;52.07;46.04;0.0532;35.92
AVP	1;MQ;484;15.23;10.64;0.0124;-4.54
AVP	2;AA;825;18.57;13.48;0.0109;-1.2
AVP	3;OH;239;25.21;11.29;0.0126;5.44
AVP	4;OO;44;64.1;52.45;0.0455;44.33
AZA	1;G4;5884;4.43;-0.96;0.0071;0.0
AZO	1;9E;14;2.64;-2.93;0.0;-8.45
AZO	2;OO;991;11.21;5.64;0.0161;0.12
BDL	1;YX;513;-1.15;-8.01;0.0039;-13.47
BDL	2;MQ;560;5.38;1.68;0.0143;-6.94
BDL	3;UA;2195;6.24;1.53;0.0132;-6.08
BDL	4;9E;366;7.29;1.55;0.0301;-5.03
BDL	5;DL;4022;7.47;-0.3;0.008;-4.85
BDL	6;NK;596;9.46;5.63;0.0185;-2.86
BDL	7;WN;4104;10.68;2.78;0.0066;-1.64
BDL	8;B6;3385;14.99;7.68;0.0136;2.67
BDL	9;AA;3974;15.36;10.05;0.0164;3.04
BDL	10;OH;1489;17.79;12.59;0.0255;5.47
BDL	11;OO;69;18.63;18.59;0.0145;6.31
BDL	12;F9;1029;36.47;31.18;0.0292;24.15
BET	1;AS;726;8.41;12.03;0.011;0.0
BFF	1;OO;627;9.97;9.16;0.0271;0.0
BFL	1;MQ;338;1.46;-4.22;0.003;-5.51
BFL	2;OO;1421;4.94;-1.5;0.0042;-2.03
BFL	3;AA;922;12.17;7.56;0.0108;5.2
BGM	1;9E;367;13.08;7.25;0.0327;0.0
BGR	1;9E;1262;2.57;-6.16;0.0404;-9.04
BGR	2;YX;1015;10.15;3.25;0.0463;-1.46
BGR	3;OH;811;10.8;-0.09;0.0308;-0.81
BGR	4;MQ;249;11.9;12.59;0.0161;0.29
BGR	5;OO;156;15.46;14.63;0.0064;3.85
BGR	6;G4;535;18.8;3.99;0.028;7.19
BGR	7;AA;608;26.05;24.85;0.0197;14.44
BHM	1;UA;4;-4.25;-11.5;0.0;-15.95
BHM	2;YX;385;-1.21;-3.86;0.0104;-12.91
BHM	3;DL;2922;6.28;1.18;0.0089;-5.42
BHM	4;9E;1115;6.88;-0.66;0.035;-4.82
BHM	5;MQ;2463;9.52;6.18;0.0102;-2.18
BHM	6;NK;73;10.16;11.7;0.0;-1.54
BHM	7;WN;4303;12.43;7.38;0.0084;0.73
BHM	8;OO;1597;14.4;10.03;0.0088;2.7
BHM	9;OH;3980;15.12;11.28;0.0148;3.42
BHM	10;AA;391;39.14;37.43;0.0153;27.44
BIH	1;OO;274;19.79;8.94;0.0693;0.0
BIL	1;UA;736;1.98;-1.27;0.0068;-4.15
BIL	2;OO;1344;2.1;-0.82;0.006;-4.03
BIL	3;DL;788;5.44;2.26;0.0127;-0.69
BIL	4;MQ;916;11.37;9.25;0.0044;5.24
BIL	5;G4;365;17.76;16.01;0.0137;11.63
BIS	1;9E;10;1.6;16.0;0.0;-9.65
BIS	2;DL;630;6.7;-0.39;0.0063;-4.55
BIS	3;G4;543;6.89;-3.07;0.0147;-4.36
BIS	4;MQ;602;9.4;5.55;0.0033;-1.85
BIS	5;OO;2189;14.2;8.37;0.0101;2.95
BJI	1;OO;730;15.83;9.92;0.0096;0.0
BLI	1;G4;959;0.99;-3.77;0.0063;-5.7
BLI	2;WN;620;8.83;2.15;0.0065;2.14
BLI	3;OO;965;11.0;12.4;0.0073;4.31
BLV	1;G4;1098;21.24;15.07;0.0255;0.0
BMI	1;9E;731;7.53;0.36;0.0123;-2.99
BMI	2;MQ;729;8.51;2.68;0.0165;-2.01
BMI	3;F9;60;9.53;12.97;0.0333;-0.99
BMI	4;G4;230;26.7;23.46;0.0174;16.18
BNA	1;YX;5723;3.35;0.69;0.0121;-8.42
BNA	2;DL;8388;4.43;-1.66;0.0087;-7.34
BNA	3;AS;1213;7.64;-1.87;0.0107;-4.13
BNA	4;WN;51001;10.99;3.78;0.0084;-0.78
BNA	5;G4;3029;11.4;5.74;0.0145;-0.37
BNA	6;MQ;2539;11.91;9.63;0.0232;0.14
BNA	7;UA;6246;11.94;7.05;0.0157;0.17
BNA	8;OH;2402;12.66;10.32;0.02;0.89
BNA	9;OO;4137;13.53;9.45;0.0169;1.76
BNA	10;B6;1354;15.82;9.06;0.0177;4.05
BNA	11;F9;764;16.24;15.45;0.0183;4.47
BNA	12;NK;3808;19.01;10.16;0.0284;7.24
BNA	13;9E;1189;20.85;17.42;0.0378;9.08
BNA	14;AA;8427;23.63;21.54;0.0215;11.86
BOI	1;AS;625;4.36;3.81;0.0064;-2.28
BOI	2;OO;11307;4.76;2.86;0.0034;-1.88
BOI	3;MQ;267;6.61;2.83;0.0037;-0.03
BOI	4;WN;4745;6.84;0.36;0.0027;0.2
BOI	5;UA;1369;7.17;2.23;0.0205;0.53
BOI	6;NK;542;8.48;4.36;0.0203;1.84
BOI	7;DL;2747;8.84;2.98;0.0084;2.2
BOI	8;AA;904;12.07;6.83;0.0144;5.43
BOI	9;G4;353;33.1;31.71;0.0085;26.46
BOS	1;9E;8;-3.71;-17.86;0.125;-15.72
BOS	2;G4;519;3.25;-4.48;0.025;-8.76
BOS	3;YX;26579;3.8;-1.54;0.016;-8.21
BOS	4;OO;2;9.5;23.5;0.0;-2.51
BOS	5;UA;12459;10.3;2.37;0.0174;-1.71
BOS	6;AS;2588;11.37;4.27;0.0162;-0.64
BOS	7;DL;25697;12.37;2.46;0.0094;0.36
BOS	8;MQ;1931;13.04;5.55;0.015;1.03
BOS	9;WN;6635;13.2;3.5;0.0087;1.19
BOS	10;B6;41180;14.5;7.36;0.0134;2.49
