PVU	1;G4;1878;10.86;7.08;0.0048;-1.72
PVU	2;OO;309;23.12;20.92;0.0129;10.54
PWM	1;YX;3581;5.73;-1.23;0.0226;-7.56
PWM	2;MQ;301;6.32;4.64;0.0066;-6.97
PWM	3;UA;827;7.09;3.93;0.0193;-6.2
PWM	4;DL;749;11.97;3.92;0.012;-1.32
PWM	5;F9;433;12.47;2.82;0.0531;-0.82
PWM	6;WN;1535;13.79;6.45;0.0085;0.5
PWM	7;OH;777;15.98;10.16;0.0154;2.69
PWM	8;OO;440;16.52;8.52;0.0068;3.23
PWM	9;B6;365;16.65;11.57;0.0466;3.36
PWM	10;9E;894;20.95;13.92;0.0425;7.66
PWM	11;AA;1772;26.55;20.76;0.0214;13.26
RAP	1;UA;1023;6.56;2.78;0.0176;-5.75
RAP	2;G4;448;9.89;5.67;0.0112;-2.42
RAP	3;MQ;1189;12.08;7.98;0.0076;-0.23
RAP	4;OO;2149;13.19;5.67;0.0116;0.88
RAP	5;DL;95;13.7;14.2;0.0316;1.39
RAP	6;9E;197;16.04;10.37;0.0;3.73
RAP	7;AA;132;46.02;48.29;0.0152;33.71
RDD	1;OO;1487;8.74;4.55;0.0047;0.0
RDM	1;AS;462;5.01;9.37;0.026;-10.35
RDM	2;MQ;405;9.76;1.13;0.0049;-5.6
RDM	3;OO;3823;11.65;10.19;0.0204;-3.71
RDM	4;UA;1094;25.56;19.1;0.0155;10.2
RDM	5;AA;132;90.9;86.08;0.0152;75.54
RDU	1;YX;5645;5.06;2.84;0.0145;-7.97
RDU	2;MQ;1239;7.07;3.27;0.0105;-5.96
RDU	3;WN;9005;10.41;3.35;0.0056;-2.62
RDU	4;UA;5576;10.46;4.42;0.0131;-2.57
RDU	5;DL;11302;10.79;2.31;0.0088;-2.24
RDU	6;9E;6439;13.4;8.04;0.0297;0.37
RDU	7;AS;526;14.11;8.9;0.0114;1.08
RDU	8;OO;1032;14.78;13.86;0.0029;1.75
RDU	9;B6;3207;16.69;11.59;0.0159;3.66
RDU	10;F9;4707;17.23;14.74;0.031;4.2
RDU	11;AA;11340;19.22;14.53;0.0169;6.19
RDU	12;OH;860;19.48;16.54;0.014;6.45
RDU	13;NK;438;23.93;16.21;0.0137;10.9
RFD	1;G4;841;20.66;14.39;0.0166;0.0
RHI	1;OO;827;8.66;-2.16;0.0085;0.0
RIC	1;UA;915;1.91;-2.59;0.0109;-10.57
RIC	2;YX;2376;5.42;3.59;0.0185;-7.06
RIC	3;MQ;223;6.78;1.22;0.0045;-5.7
RIC	4;DL;2661;8.04;1.37;0.0064;-4.44
RIC	5;OH;471;8.97;6.1;0.0127;-3.51
RIC	6;WN;1966;9.96;2.85;0.0005;-2.52
RIC	7;9E;2034;12.11;7.08;0.032;-0.37
RIC	8;B6;1781;13.73;5.51;0.0118;1.25
RIC	9;OO;686;17.12;11.05;0.0;4.64
RIC	10;AA;3746;19.79;14.23;0.0158;7.31
RIC	11;NK;1110;20.59;12.13;0.018;8.11
RIC	12;G4;310;29.22;20.31;0.0161;16.74
RIW	1;OO;622;12.33;8.72;0.0177;0.0
RKS	1;OO;623;16.99;10.94;0.0112;0.0
RNO	1;AS;600;4.49;5.35;0.01;-6.06
RNO	2;OO;4276;8.36;6.52;0.0068;-2.19
RNO	3;WN;8683;8.47;2.83;0.0054;-2.08
RNO	4;NK;1154;8.67;5.05;0.0182;-1.88
RNO	5;UA;2208;11.86;6.85;0.0122;1.31
RNO	6;DL;1023;11.89;2.92;0.0098;1.34
RNO	7;MQ;279;13.12;10.58;0.0036;2.57
RNO	8;AA;2413;19.12;13.54;0.0124;8.57
RNO	9;B6;274;38.05;34.29;0.0219;27.5
RNO	10;G4;3;67.33;73.0;0.0;56.78
ROA	1;DL;438;10.74;1.03;0.0091;-4.82
ROA	2;9E;956;11.67;3.75;0.0188;-3.89
ROA	3;OH;249;15.29;17.02;0.012;-0.27
ROA	4;OO;748;18.92;17.38;0.0214;3.36
ROA	5;YX;313;20.43;20.02;0.0543;4.87
ROA	6;G4;240;23.77;20.84;0.0375;8.21
ROC	1;YX;996;2.47;-3.7;0.0191;-9.21
ROC	2;MQ;832;5.61;1.36;0.0072;-6.07
ROC	3;OO;518;8.53;2.9;0.0039;-3.15
ROC	4;UA;998;9.51;5.62;0.014;-2.17
ROC	5;9E;2686;9.85;1.37;0.0335;-1.83
ROC	6;OH;719;11.49;9.52;0.0125;-0.19
ROC	7;WN;1916;12.96;5.86;0.0052;1.28
ROC	8;NK;499;13.9;3.64;0.016;2.22
ROC	9;DL;1075;14.6;3.26;0.0093;2.92
ROC	10;B6;755;19.65;15.27;0.0305;7.97
ROC	11;AA;870;21.27;18.2;0.0161;9.59
ROC	12;G4;72;39.75;28.72;0.0139;28.07
ROW	1;MQ;163;13.94;7.32;0.0061;-8.81
ROW	2;OO;800;24.59;21.51;0.0312;1.84
RST	1;YX;14;-6.86;-7.36;0.0;-18.34
RST	2;MQ;330;7.93;4.82;0.0;-3.55
RST	3;OO;828;12.79;6.46;0.0097;1.31
RST	4;9E;244;12.97;8.85;0.0205;1.49
RSW	1;UA;5601;7.32;1.91;0.0312;-6.16
RSW	2;9E;19;7.58;5.32;0.0;-5.9
RSW	3;AS;170;7.68;3.13;0.0412;-5.8
RSW	4;DL;7251;10.47;5.99;0.0154;-3.01
RSW	5;WN;7420;11.65;7.56;0.0191;-1.83
RSW	6;NK;2445;12.54;8.93;0.0233;-0.94
RSW	7;YX;92;15.73;11.01;0.0;2.25
RSW	8;F9;2484;18.05;12.86;0.033;4.57
RSW	9;AA;5431;19.53;16.37;0.0232;6.05
RSW	10;MQ;89;20.16;22.09;0.0112;6.68
RSW	11;OH;33;20.71;15.58;0.0606;7.23
RSW	12;B6;3836;20.82;16.89;0.0258;7.34
SAF	1;OO;2806;13.33;8.39;0.015;-0.34
SAF	2;MQ;102;23.13;21.83;0.0196;9.46
SAN	1;AS;10303;8.43;7.4;0.0269;-4.38
SAN	2;UA;10251;9.03;3.99;0.0202;-3.78
SAN	3;OO;12343;10.31;11.59;0.0092;-2.5
SAN	4;DL;9475;10.55;4.4;0.0069;-2.26
SAN	5;NK;2887;12.73;9.56;0.0197;-0.08
SAN	6;WN;34140;13.8;8.88;0.0087;0.99
SAN	7;HA;715;16.0;15.32;0.007;3.19
SAN	8;G4;174;17.66;20.35;0.0115;4.85
SAN	9;B6;1766;19.06;14.08;0.0028;6.25
SAN	10;AA;9211;19.11;13.68;0.0118;6.3
SAN	11;F9;3380;21.53;22.51;0.0213;8.72
SAT	1;UA;5617;7.78;2.02;0.0173;-3.88
SAT	2;WN;16462;9.02;3.31;0.0063;-2.64
SAT	3;AS;633;9.11;5.69;0.0063;-2.55
SAT	4;OO;1023;10.05;7.39;0.0078;-1.61
