FNT	1;OO;828;23.85;22.06;0.0157;10.04
FOD	1;OO;627;20.66;17.35;0.0223;0.0
FSD	1;UA;741;2.32;0.44;0.0094;-9.23
FSD	2;YX;56;3.48;-0.09;0.0;-8.07
FSD	3;9E;354;7.32;5.62;0.0085;-4.23
FSD	4;OO;2583;8.4;2.66;0.0085;-3.15
FSD	5;MQ;775;11.19;4.32;0.0335;-0.36
FSD	6;F9;251;11.35;11.56;0.0159;-0.2
FSD	7;G4;953;15.24;9.32;0.0105;3.69
FSD	8;DL;666;19.76;14.19;0.0135;8.21
FSD	9;AA;654;24.3;16.77;0.0138;12.75
FSM	1;MQ;1012;11.91;6.96;0.0217;-0.23
FSM	2;OO;172;13.54;7.61;0.0349;1.4
FWA	1;MQ;881;9.72;3.56;0.0045;-7.7
FWA	2;OH;167;10.01;2.8;0.0;-7.41
FWA	3;9E;234;10.86;-2.93;0.0342;-6.56
FWA	4;OO;2605;19.72;14.65;0.0111;2.3
FWA	5;G4;835;21.8;17.04;0.0263;4.38
GCC	1;OO;732;10.46;4.44;0.0123;0.0
GCK	1;OO;216;12.95;10.05;0.0463;-1.91
GCK	2;MQ;514;15.65;14.64;0.0175;0.79
GEG	1;UA;890;2.74;-5.06;0.0213;-3.85
GEG	2;OO;5952;3.1;0.51;0.0039;-3.49
GEG	3;AS;2295;3.44;1.26;0.017;-3.15
GEG	4;WN;3705;6.54;0.09;0.0008;-0.05
GEG	5;DL;3003;8.19;2.11;0.0097;1.6
GEG	6;G4;238;13.29;9.86;0.0084;6.7
GEG	7;AA;1444;24.1;17.47;0.0083;17.51
GFK	1;OO;1005;6.62;2.17;0.006;-1.0
GFK	2;G4;192;7.19;0.95;0.0052;-0.43
GFK	3;9E;86;20.15;10.98;0.0;12.53
GGG	1;OO;499;12.54;8.88;0.02;-1.66
GGG	2;MQ;230;17.8;14.8;0.0217;3.6
GJT	1;UA;725;7.93;-4.08;0.0069;-2.66
GJT	2;OO;2618;10.33;7.21;0.0088;-0.26
GJT	3;MQ;496;11.45;9.25;0.006;0.86
GJT	4;G4;127;27.98;29.84;0.0157;17.39
GNV	1;DL;1570;5.62;-1.69;0.0127;-3.2
GNV	2;MQ;586;7.4;3.21;0.0205;-1.42
GNV	3;9E;123;7.52;1.04;0.0081;-1.3
GNV	4;OH;746;17.11;11.29;0.0402;8.29
GPT	1;9E;55;5.62;-1.07;0.0;-4.6
GPT	2;DL;1185;7.92;1.85;0.0127;-2.3
GPT	3;OH;1233;8.68;7.7;0.0081;-1.54
GPT	4;OO;339;10.42;8.22;0.0147;0.2
GPT	5;MQ;533;17.88;13.32;0.0263;7.66
GPT	6;G4;26;40.46;41.08;0.0;30.24
GRB	1;9E;73;1.34;-10.49;0.0;-11.5
GRB	2;YX;179;3.62;1.08;0.0112;-9.22
GRB	3;MQ;394;8.55;4.32;0.0178;-4.29
GRB	4;OO;3075;13.43;8.72;0.015;0.59
GRB	5;DL;370;16.47;9.68;0.0054;3.63
GRB	6;F9;112;21.99;17.24;0.0268;9.15
GRI	1;G4;225;18.77;13.06;0.0178;-2.11
GRI	2;OO;729;21.52;18.7;0.0165;0.64
GRK	1;MQ;1301;12.76;9.78;0.0138;-0.1
GRK	2;OO;495;13.11;11.21;0.0384;0.25
GRR	1;YX;2050;2.26;-3.4;0.0205;-8.31
GRR	2;9E;937;4.78;-2.33;0.0406;-5.79
GRR	3;DL;2854;5.32;-2.75;0.0095;-5.25
GRR	4;UA;1413;5.94;2.82;0.0106;-4.63
GRR	5;G4;2167;8.63;2.51;0.0134;-1.94
GRR	6;WN;1961;9.15;5.41;0.0051;-1.42
GRR	7;OO;2115;14.84;11.0;0.0189;4.27
GRR	8;MQ;743;15.32;13.81;0.0175;4.75
GRR	9;OH;720;15.48;15.19;0.0278;4.91
GRR	10;AA;2526;19.79;15.51;0.0123;9.22
GRR	11;F9;751;26.23;19.66;0.0346;15.66
GSO	1;DL;2415;4.65;-3.73;0.0066;-4.2
GSO	2;9E;1557;5.12;-2.86;0.0276;-3.73
GSO	3;OO;1017;5.81;3.69;0.0059;-3.04
GSO	4;YX;1622;5.91;1.69;0.0308;-2.94
GSO	5;OH;2544;7.8;6.82;0.0114;-1.05
GSO	6;MQ;1329;8.59;5.54;0.006;-0.26
GSO	7;AA;1325;26.96;23.19;0.0272;18.11
GSO	8;G4;142;31.27;31.5;0.0282;22.42
GSP	1;DL;2620;4.04;-4.31;0.0092;-5.06
GSP	2;YX;2132;4.81;-0.45;0.0253;-4.29
GSP	3;OO;984;6.92;2.68;0.0132;-2.18
GSP	4;WN;1497;7.27;0.34;0.0047;-1.83
GSP	5;9E;1383;7.47;-0.08;0.0217;-1.63
GSP	6;UA;467;7.7;2.97;0.015;-1.4
GSP	7;OH;3902;8.84;6.78;0.01;-0.26
GSP	8;MQ;1664;10.19;8.34;0.009;1.09
GSP	9;AA;1344;26.34;19.51;0.0246;17.24
GSP	10;G4;329;28.83;25.15;0.0304;19.73
GST	1;AS;90;2.4;-0.36;0.0667;0.0
GTF	1;OO;2006;3.72;-1.43;0.005;-2.98
GTF	2;UA;256;7.93;-2.7;0.0234;1.23
GTF	3;G4;174;39.31;38.39;0.0057;32.61
GTR	1;9E;732;2.36;-3.88;0.0109;0.0
GUC	1;OO;725;7.22;-1.62;0.011;-4.12
GUC	2;AA;124;35.58;35.98;0.0161;24.24
GUM	1;UA;732;1.07;-9.86;0.0082;0.0
HDN	1;MQ;24;8.42;6.92;0.0;-7.44
HDN	2;WN;609;9.31;4.02;0.0099;-6.55
HDN	3;OO;898;11.35;3.67;0.0111;-4.51
HDN	4;UA;606;11.68;4.13;0.0132;-4.18
HDN	5;DL;134;12.64;7.66;0.0;-3.22
HDN	6;AA;185;47.71;48.92;0.0054;31.85
HDN	7;B6;60;104.0;103.37;0.0167;88.14
HGR	1;G4;296;35.12;32.46;0.0304;0.0
HHH	1;MQ;1107;9.99;7.9;0.019;-2.91
HHH	2;YX;767;17.14;12.12;0.0274;4.24
HIB	1;OO;629;8.5;2.19;0.0111;0.0
HLN	1;OO;1557;11.54;7.34;0.0058;0.0
HNL	1;WN;14583;2.42;-3.82;0.0037;-3.39
HNL	2;HA;31606;5.38;4.45;0.0106;-0.43
HNL	3;AA;2258;5.88;-6.19;0.0004;0.07
HNL	4;DL;3685;8.86;-2.84;0.0068;3.05
HNL	5;UA;5039;10.82;-1.48;0.0113;5.01
HNL	6;AS;4377;12.11;4.28;0.0265;6.3
HOB	1;OO;444;24.11;16.86;0.0135;0.0
HOU	1;MQ;1790;12.49;8.67;0.0408;-0.8
HOU	2;WN;52441;13.02;4.81;0.0109;-0.27
HOU	3;OO;371;13.45;13.26;0.0108;0.16
HOU	4;DL;1600;13.97;8.76;0.01;0.68
HOU	5;F9;358;22.58;16.71;0.0475;9.29
HOU	6;G4;346;35.44;33.77;0.0173;22.15
HOU	7;OH;152;37.82;33.08;0.0724;24.53
HPN	1;YX;59;7.47;1.05;0.0;-5.91
