BOS	1;AA;17181;14.96;4.67;0.0136;2.95
BOS	2;F9;1480;17.89;14.45;0.0236;5.88
BOS	3;HA;221;19.39;16.95;0.009;7.38
BOS	4;NK;7010;21.13;12.25;0.0328;9.12
BPT	1;OO;542;6.77;1.14;0.0203;-2.63
BPT	2;MQ;188;16.97;12.91;0.0213;7.57
BQK	1;9E;142;7.49;8.09;0.0;-8.16
BQK	2;OO;653;17.43;19.48;0.0031;1.78
BQN	1;B6;1585;15.32;11.37;0.0126;-1.58
BQN	2;F9;495;17.86;6.46;0.0121;0.96
BQN	3;UA;366;22.51;12.81;0.0301;5.61
BRD	1;OO;649;7.3;2.34;0.0062;0.0
BRO	1;MQ;1242;5.69;3.63;0.0145;-3.3
BRO	2;OO;720;14.76;11.02;0.0278;5.77
BRW	1;AS;364;10.08;11.36;0.0522;0.0
BTM	1;OO;690;-4.98;-14.18;0.0;0.0
BTR	1;DL;909;7.5;0.74;0.0121;-5.4
BTR	2;9E;502;9.59;5.52;0.0179;-3.31
BTR	3;OO;590;13.84;9.38;0.0288;0.94
BTR	4;MQ;993;14.03;11.46;0.0211;1.13
BTR	5;OH;1920;15.44;11.54;0.0167;2.54
BTR	6;UA;4;24.0;24.0;0.0;11.1
BTV	1;F9;12;2.5;-2.42;0.0;-7.91
BTV	2;YX;1683;2.65;-5.91;0.022;-7.76
BTV	3;B6;6;3.0;-0.67;0.0;-7.41
BTV	4;UA;1117;8.15;6.52;0.017;-2.26
BTV	5;MQ;336;8.93;10.5;0.0208;-1.48
BTV	6;DL;468;9.2;1.22;0.0171;-1.21
BTV	7;9E;1783;9.89;1.7;0.028;-0.52
BTV	8;OO;245;12.37;6.67;0.0;1.96
BTV	9;OH;1757;16.91;12.01;0.0182;6.5
BTV	10;AA;713;18.42;12.9;0.0126;8.01
BTV	11;G4;2;38.0;15.0;0.5;27.59
BUF	1;YX;2773;6.13;1.44;0.0361;-5.02
BUF	2;MQ;497;6.77;2.55;0.0101;-4.38
BUF	3;9E;1924;8.81;0.6;0.0301;-2.34
BUF	4;WN;5346;9.8;2.33;0.0166;-1.35
BUF	5;B6;3451;9.93;5.26;0.0209;-1.22
BUF	6;DL;2130;10.3;2.42;0.0117;-0.85
BUF	7;UA;997;11.28;9.45;0.0211;0.13
BUF	8;OO;809;16.07;9.71;0.0297;4.92
BUF	9;AA;2182;17.92;15.04;0.0137;6.77
BUF	10;OH;901;18.03;17.12;0.0255;6.88
BUF	11;F9;1156;18.56;12.23;0.0389;7.41
BUR	1;AS;2247;3.96;2.67;0.0218;-5.62
BUR	2;WN;18651;7.48;0.29;0.0099;-2.1
BUR	3;F9;74;8.77;13.18;0.0;-0.81
BUR	4;OO;4120;11.44;9.31;0.01;1.86
BUR	5;UA;1594;12.55;9.46;0.0157;2.97
BUR	6;NK;1919;14.2;11.37;0.0177;4.62
BUR	7;AA;1239;19.92;14.96;0.0097;10.34
BUR	8;DL;445;21.5;14.88;0.0067;11.92
BUR	9;MQ;47;42.34;33.94;0.0;32.76
BUR	10;B6;300;46.24;39.74;0.02;36.66
BWI	1;OO;9;-5.78;-11.11;0.0;-21.14
BWI	2;MQ;541;3.43;-3.69;0.0129;-11.93
BWI	3;UA;3625;6.2;-0.11;0.0179;-9.16
BWI	4;OH;27;6.63;4.37;0.0;-8.73
BWI	5;B6;222;7.17;3.6;0.0225;-8.19
BWI	6;YX;936;7.41;1.92;0.015;-7.95
BWI	7;DL;5276;9.2;1.7;0.0072;-6.16
BWI	8;WN;73243;15.82;8.41;0.0091;0.46
BWI	9;AS;585;15.92;11.0;0.0205;0.56
BWI	10;NK;6753;15.97;8.18;0.0176;0.61
BWI	11;AA;3782;17.65;10.71;0.0175;2.29
BWI	12;9E;500;18.5;10.34;0.056;3.14
BWI	13;F9;2928;26.07;22.82;0.0355;10.71
BWI	14;G4;145;32.8;27.42;0.0138;17.44
BZN	1;AS;653;4.94;6.3;0.0123;-6.15
BZN	2;MQ;68;6.03;-0.07;0.0;-5.06
BZN	3;OO;2011;6.43;2.77;0.0055;-4.66
BZN	4;DL;1801;7.06;1.97;0.005;-4.03
BZN	5;WN;2012;7.97;1.82;0.0045;-3.12
BZN	6;UA;2222;12.16;7.06;0.0135;1.07
BZN	7;G4;376;13.05;7.29;0.0239;1.96
BZN	8;AA;915;33.27;30.5;0.0033;22.18
BZN	9;B6;145;37.79;33.71;0.0207;26.7
CAE	1;DL;1520;4.15;-4.01;0.0072;-5.29
CAE	2;OO;727;4.69;3.01;0.0069;-4.75
CAE	3;9E;1253;6.58;1.16;0.0192;-2.86
CAE	4;MQ;56;6.7;4.71;0.0;-2.74
CAE	5;OH;2220;9.57;8.7;0.0131;0.13
CAE	6;YX;341;13.55;10.52;0.0469;4.11
CAE	7;AA;700;29.31;25.57;0.03;19.87
CAK	1;OH;1651;10.73;7.41;0.0073;-3.93
CAK	2;G4;756;16.64;10.31;0.0198;1.98
CAK	3;OO;1069;19.4;17.71;0.0159;4.74
CDC	1;OO;629;3.81;-1.8;0.0079;0.0
CDV	1;AS;726;0.35;-0.66;0.0193;0.0
CHA	1;YX;148;4.48;1.84;0.0;-8.03
CHA	2;DL;1233;8.52;0.01;0.0081;-3.99
CHA	3;9E;1534;8.88;2.92;0.0065;-3.63
CHA	4;OH;1471;12.2;8.13;0.0102;-0.31
CHA	5;MQ;1249;16.81;12.84;0.0192;4.3
CHA	6;OO;939;16.85;15.76;0.0181;4.34
CHA	7;G4;279;22.92;18.3;0.0323;10.41
CHO	1;OH;63;-3.56;-1.38;0.0;-13.76
CHO	2;YX;463;8.17;8.96;0.0259;-2.03
