SJU	1;B6;10084;23.75;15.07;0.0109;5.49
SJU	2;AA;3998;24.02;22.98;0.0043;5.76
SLC	1;OO;31591;4.31;-0.26;0.0028;-4.92
SLC	2;MQ;143;5.97;-9.94;0.0;-3.26
SLC	3;AS;1235;6.23;3.36;0.0186;-3.0
SLC	4;HA;230;6.57;-0.21;0.0;-2.66
SLC	5;DL;54163;9.76;4.06;0.0062;0.53
SLC	6;WN;11977;11.69;4.84;0.0035;2.46
SLC	7;UA;4090;11.92;5.88;0.0161;2.69
SLC	8;NK;1269;13.55;7.15;0.011;4.32
SLC	9;F9;3171;17.71;15.33;0.0211;8.48
SLC	10;AA;3854;19.73;13.05;0.0148;10.5
SLC	11;B6;1524;22.39;15.67;0.0072;13.16
SLN	1;OO;712;13.49;10.44;0.0225;0.0
SMF	1;MQ;235;2.47;-2.86;0.0;-6.61
SMF	2;OO;8639;5.0;1.52;0.0037;-4.08
SMF	3;AS;1136;5.86;3.77;0.0158;-3.22
SMF	4;DL;3231;6.21;-1.64;0.0074;-2.87
SMF	5;UA;3990;6.75;0.11;0.015;-2.33
SMF	6;HA;954;7.61;4.95;0.0084;-1.47
SMF	7;F9;826;7.89;8.01;0.0145;-1.19
SMF	8;WN;30349;9.29;3.18;0.0051;0.21
SMF	9;NK;1786;12.33;9.27;0.0157;3.25
SMF	10;AA;3523;18.86;12.1;0.0159;9.78
SMF	11;B6;383;49.02;41.82;0.0131;39.94
SMX	1;G4;106;40.51;39.3;0.0;0.0
SNA	1;AS;4115;2.11;0.29;0.0122;-8.47
SNA	2;NK;1225;6.56;4.24;0.018;-4.02
SNA	3;UA;6065;7.49;0.27;0.0069;-3.09
SNA	4;WN;14471;8.34;0.42;0.0067;-2.24
SNA	5;DL;4824;11.14;2.83;0.0052;0.56
SNA	6;F9;1113;13.21;10.37;0.0234;2.63
SNA	7;OO;4042;13.52;14.41;0.0116;2.94
SNA	8;AA;6582;18.71;10.06;0.012;8.13
SNA	9;G4;1082;29.33;25.52;0.0148;18.75
SPI	1;G4;107;24.0;20.98;0.0187;0.0
SPN	1;UA;366;-1.21;-4.5;0.0055;0.0
SPS	1;MQ;111;8.0;-0.24;0.009;-3.56
SPS	2;OO;614;12.21;8.15;0.0195;0.65
SRQ	1;G4;2619;5.85;2.31;0.037;-6.99
SRQ	2;WN;4241;10.61;5.27;0.038;-2.23
SRQ	3;DL;3016;10.88;6.84;0.0312;-1.96
SRQ	4;UA;1710;11.2;6.23;0.031;-1.64
SRQ	5;YX;220;11.9;12.74;0.0364;-0.94
SRQ	6;OH;386;15.38;10.32;0.044;2.54
SRQ	7;B6;769;16.94;13.67;0.039;4.1
SRQ	8;MQ;17;21.06;6.31;0.0588;8.22
SRQ	9;AA;2631;21.65;19.26;0.0323;8.81
SRQ	10;F9;542;25.15;24.66;0.0443;12.31
SRQ	11;OO;50;64.2;63.41;0.02;51.36
STC	1;G4;149;11.41;-0.69;0.0134;0.0
STL	1;AS;779;4.17;-0.75;0.0116;-7.62
STL	2;9E;1484;5.14;-2.71;0.035;-6.65
STL	3;YX;2057;5.32;-1.06;0.0131;-6.47
STL	4;DL;5528;5.91;-0.6;0.0072;-5.88
STL	5;MQ;1767;11.18;7.27;0.0209;-0.61
STL	6;WN;41199;11.45;5.03;0.0078;-0.34
STL	7;UA;3035;14.42;11.27;0.0129;2.63
STL	8;OH;450;17.06;14.09;0.0178;5.27
STL	9;OO;569;17.58;11.76;0.0141;5.79
STL	10;AA;7122;17.69;15.25;0.0159;5.9
STL	11;F9;1180;23.57;16.79;0.0271;11.78
STL	12;NK;427;29.37;23.09;0.0398;17.58
STS	1;MQ;237;7.45;3.41;0.0;-3.03
STS	2;OO;2953;8.02;9.51;0.0047;-2.46
STS	3;AS;315;9.19;9.78;0.0095;-1.29
STS	4;AA;183;56.36;54.6;0.0055;45.88
STT	1;UA;809;5.0;1.06;0.0074;-13.54
STT	2;F9;70;10.01;23.0;0.0286;-8.53
STT	3;NK;1058;12.81;6.53;0.0142;-5.73
STT	4;DL;885;15.21;11.12;0.0068;-3.33
STT	5;B6;683;15.9;12.39;0.019;-2.64
STT	6;AA;2033;29.52;26.22;0.0089;10.98
STX	1;F9;19;-0.79;8.11;0.0;-26.52
STX	2;DL;120;7.78;3.03;0.0083;-17.95
STX	3;B6;20;10.75;13.55;0.0;-14.98
STX	4;NK;282;14.46;14.16;0.0284;-11.27
STX	5;AA;755;33.77;33.8;0.0066;8.04
SUN	1;OO;2005;9.95;6.01;0.011;0.0
SUX	1;OO;730;19.06;15.51;0.0192;0.0
SWF	1;G4;425;20.97;12.82;0.0165;0.0
SWO	1;MQ;161;7.09;2.78;0.0062;-2.6
SWO	2;OO;569;10.43;6.72;0.0246;0.74
SYR	1;YX;1577;2.56;-5.89;0.0171;-7.27
SYR	2;UA;1011;4.29;-0.61;0.0079;-5.54
SYR	3;9E;2008;4.47;-3.64;0.0249;-5.36
SYR	4;MQ;880;5.27;-0.09;0.0068;-4.56
SYR	5;DL;1227;7.26;-3.0;0.0081;-2.57
SYR	6;B6;1347;11.87;7.36;0.0223;2.04
SYR	7;OO;1117;11.95;6.96;0.0116;2.12
SYR	8;WN;856;12.3;4.22;0.0058;2.47
SYR	9;OH;478;17.05;15.59;0.0105;7.22
SYR	10;AA;1673;17.41;12.46;0.0114;7.58
SYR	11;F9;503;17.59;9.86;0.0358;7.76
SYR	12;G4;699;20.85;11.37;0.0157;11.02
TLH	1;DL;1408;1.66;-4.78;0.0099;-7.73
TLH	2;B6;298;7.08;1.24;0.0201;-2.31
TLH	3;9E;627;10.22;8.48;0.0239;0.83
TLH	4;MQ;2811;10.32;8.67;0.0164;0.93
TLH	5;OH;910;18.36;15.4;0.0231;8.97
TLH	6;YX;42;18.5;19.57;0.0476;9.11
TLH	7;OO;1;36.0;47.0;0.0;26.61
TOL	1;G4;375;16.99;11.33;0.0107;0.0
TPA	1;YX;24;5.04;4.21;0.0;-9.33
TPA	2;NK;5865;8.55;5.07;0.03;-5.82
TPA	3;UA;8672;12.15;7.14;0.0302;-2.22
TPA	4;WN;24081;12.61;7.72;0.0215;-1.76
TPA	5;DL;12887;13.77;8.28;0.0203;-0.6
