MCI	1;UA;3707;4.81;1.78;0.014;-4.78
MCI	2;YX;1722;4.88;1.9;0.018;-4.71
MCI	3;MQ;1227;7.05;2.45;0.013;-2.54
MCI	4;WN;24098;9.6;3.46;0.0089;0.01
MCI	5;OO;1121;10.91;7.88;0.0178;1.32
MCI	6;F9;387;11.92;11.61;0.0103;2.33
MCI	7;9E;1241;12.5;6.47;0.0419;2.91
MCI	8;G4;224;13.94;11.46;0.0223;4.35
MCI	9;NK;1815;15.06;6.68;0.0231;5.47
MCI	10;AA;5810;17.06;15.23;0.0138;7.47
MCI	11;OH;497;24.36;19.87;0.0262;14.77
MCI	12;B6;164;29.03;28.44;0.0061;19.44
MCO	1;UA;13840;13.65;7.5;0.0281;-2.32
MCO	2;F9;17916;13.82;9.32;0.0219;-2.15
MCO	3;NK;22923;14.96;9.71;0.0179;-1.01
MCO	4;WN;44868;15.1;9.34;0.0146;-0.87
MCO	5;DL;21767;15.82;10.15;0.0149;-0.15
MCO	6;AS;2641;16.19;13.24;0.0386;0.22
MCO	7;AA;18033;18.88;14.91;0.0191;2.91
MCO	8;B6;17335;20.53;14.48;0.0165;4.56
MCO	9;G4;230;30.67;29.21;0.0261;14.7
MCW	1;OO;627;24.73;21.26;0.0367;0.0
MDT	1;YX;283;-1.96;-12.39;0.0106;-15.31
MDT	2;UA;402;7.13;4.28;0.01;-6.22
MDT	3;DL;771;7.56;-2.88;0.0078;-5.79
MDT	4;9E;289;8.8;-2.31;0.0104;-4.55
MDT	5;OH;656;12.05;7.83;0.0076;-1.3
MDT	6;OO;922;13.79;7.77;0.0108;0.44
MDT	7;G4;907;17.67;11.48;0.0187;4.32
MDT	8;AA;1057;21.04;16.88;0.0114;7.69
MDT	9;F9;80;26.78;20.01;0.025;13.43
MDW	1;DL;1544;9.34;1.2;0.0078;-3.57
MDW	2;WN;71835;12.49;5.71;0.0112;-0.42
MDW	3;OO;1982;14.05;9.98;0.0071;1.14
MDW	4;F9;3828;20.78;14.6;0.0243;7.87
MDW	5;G4;444;21.03;17.78;0.018;8.12
MEI	1;OO;627;13.18;10.77;0.0303;0.0
MEM	1;DL;4429;5.6;-1.82;0.0113;-5.32
MEM	2;YX;3020;6.04;-0.17;0.0152;-4.88
MEM	3;9E;1064;6.93;0.3;0.0263;-3.99
MEM	4;UA;1526;7.2;3.26;0.0157;-3.72
MEM	5;MQ;1587;7.86;2.86;0.0101;-3.06
MEM	6;WN;3557;12.33;5.92;0.0065;1.41
MEM	7;OH;756;12.71;7.7;0.0093;1.79
MEM	8;NK;940;13.24;2.64;0.016;2.32
MEM	9;OO;762;14.64;10.14;0.021;3.72
MEM	10;F9;171;15.35;14.0;0.0058;4.43
MEM	11;AA;4311;19.18;15.69;0.0172;8.26
MEM	12;G4;501;21.69;15.9;0.012;10.77
MFE	1;UA;564;3.44;-1.96;0.0355;-11.89
MFE	2;MQ;779;9.93;8.68;0.0167;-5.4
MFE	3;G4;488;13.18;6.82;0.0061;-2.15
MFE	4;OO;1037;17.23;15.26;0.0087;1.9
MFE	5;AA;1816;20.79;19.04;0.0226;5.46
MFR	1;OO;2857;7.55;2.87;0.0095;-3.27
MFR	2;UA;1191;13.63;6.61;0.0101;2.81
MFR	3;G4;321;29.66;27.14;0.0187;18.84
MGM	1;MQ;577;7.69;2.12;0.0052;-6.84
MGM	2;9E;922;10.26;4.89;0.0065;-4.27
MGM	3;OO;630;20.93;15.28;0.0127;6.4
MGM	4;OH;498;22.62;20.2;0.0442;8.09
MGW	1;OO;37;72.62;69.05;0.0;0.0
MHK	1;OO;2;3.0;-13.5;0.0;-4.43
MHK	2;MQ;979;7.44;-3.4;0.0163;0.01
MHT	1;YX;66;0.68;-1.38;0.0152;-9.36
MHT	2;MQ;295;2.59;0.79;0.0068;-7.45
MHT	3;WN;2717;7.27;-1.09;0.0048;-2.77
MHT	4;OH;2324;12.9;7.36;0.0176;2.86
MHT	5;AA;121;24.55;18.3;0.0;14.51
MHT	6;NK;127;26.32;14.31;0.0394;16.28
MIA	1;MQ;14015;7.51;4.85;0.0148;-12.12
MIA	2;YX;619;11.46;4.18;0.0194;-8.17
MIA	3;NK;5631;12.7;7.47;0.0181;-6.93
MIA	4;AS;534;15.1;11.38;0.0543;-4.53
MIA	5;WN;5740;15.9;12.15;0.0143;-3.73
MIA	6;UA;6393;17.67;12.92;0.028;-1.96
MIA	7;F9;3796;18.9;15.85;0.025;-0.73
MIA	8;DL;11416;19.65;13.47;0.0114;0.02
MIA	9;AA;59884;23.64;17.35;0.0167;4.01
MIA	10;B6;1901;26.15;22.29;0.0221;6.52
MIA	11;9E;15;29.53;35.53;0.0;9.9
MKE	1;AS;472;1.64;-3.41;0.0085;-9.34
MKE	2;YX;1854;6.39;-0.02;0.0264;-4.59
MKE	3;DL;4341;6.92;0.38;0.0092;-4.06
MKE	4;WN;9633;7.99;1.08;0.0101;-2.99
MKE	5;NK;778;8.04;0.08;0.0219;-2.94
MKE	6;UA;668;11.13;4.55;0.012;0.15
MKE	7;OO;5204;13.57;8.62;0.0163;2.59
MKE	8;F9;530;14.06;6.52;0.0151;3.08
MKE	9;OH;997;14.08;14.04;0.0181;3.1
MKE	10;9E;906;14.13;7.79;0.0243;3.15
MKE	11;B6;536;16.52;11.59;0.0112;5.54
MKE	12;AA;2718;24.41;20.12;0.0169;13.43
MKE	13;MQ;57;35.82;-2.36;0.0351;24.84
MLB	1;DL;1392;3.6;-2.35;0.0101;-2.41
MLB	2;G4;262;6.97;0.57;0.0229;0.96
MLB	3;OH;1159;8.71;6.94;0.0198;2.7
MLI	1;9E;728;8.38;2.47;0.0206;-5.21
MLI	2;MQ;790;11.44;3.06;0.0215;-2.15
MLI	3;OH;721;12.54;10.29;0.0194;-1.05
MLI	4;G4;466;16.02;9.62;0.0107;2.43
MLI	5;OO;1577;16.83;13.88;0.0216;3.24
MLU	1;9E;869;10.67;7.12;0.0081;-1.06
MLU	2;OO;211;12.02;12.08;0.0095;0.29
MLU	3;MQ;944;12.65;8.76;0.018;0.92
MOB	1;DL;572;4.06;-2.1;0.014;-5.07
