COS	1;AA;1080;18.33;17.66;0.025;8.09
COU	1;MQ;1678;12.74;10.03;0.0203;-2.54
COU	2;OO;101;57.59;50.67;0.0198;42.31
CPR	1;OO;1771;6.63;-2.24;0.0073;0.0
CRP	1;OO;268;5.66;2.79;0.0187;-3.01
CRP	2;MQ;2439;8.7;7.2;0.0197;0.03
CRP	3;WN;1164;9.28;5.32;0.0112;0.61
CRW	1;9E;180;1.87;-6.53;0.0;-17.29
CRW	2;OH;1439;14.44;10.95;0.0118;-4.72
CRW	3;OO;1814;24.66;18.6;0.0132;5.5
CSG	1;9E;595;9.29;3.69;0.0303;-3.65
CSG	2;OO;406;18.19;13.23;0.0099;5.25
CVG	1;YX;5550;3.4;-1.61;0.0168;-7.06
CVG	2;UA;2080;6.76;2.83;0.0101;-3.7
CVG	3;OO;866;7.62;5.62;0.0035;-2.84
CVG	4;9E;6620;8.14;2.07;0.0174;-2.32
CVG	5;DL;7132;8.82;1.23;0.0091;-1.64
CVG	6;WN;2165;9.27;3.05;0.006;-1.19
CVG	7;AS;351;9.67;3.87;0.0342;-0.79
CVG	8;MQ;2685;12.65;9.3;0.0071;2.19
CVG	9;G4;3269;12.96;9.1;0.0141;2.5
CVG	10;F9;4722;14.71;10.37;0.0214;4.25
CVG	11;OH;2487;15.41;12.49;0.0105;4.95
CVG	12;AA;3343;20.33;14.59;0.0188;9.87
CWA	1;9E;731;3.56;-2.9;0.0082;0.0
CYS	1;OO;679;8.17;-1.46;0.0206;0.0
DAB	1;DL;1448;7.02;2.14;0.0131;-1.83
DAB	2;OH;1102;10.33;2.69;0.0281;1.48
DAB	3;AA;315;11.96;6.98;0.0095;3.11
DAB	4;MQ;9;15.0;10.56;0.0;6.15
DAL	1;AS;363;2.92;-2.37;0.0248;-11.07
DAL	2;DL;2080;12.33;6.75;0.0072;-1.66
DAL	3;WN;70231;14.1;8.22;0.0108;0.11
DAY	1;YX;319;0.02;-2.49;0.0063;-8.54
DAY	2;DL;1169;2.68;-8.49;0.0103;-5.88
DAY	3;9E;483;8.17;-2.4;0.0228;-0.39
DAY	4;OH;3625;9.31;5.12;0.0102;0.75
DAY	5;OO;1581;10.58;5.72;0.0095;2.02
DAY	6;MQ;185;12.94;6.09;0.0162;4.38
DAY	7;G4;278;20.06;15.22;0.0432;11.5
DCA	1;YX;27099;4.15;-1.63;0.0143;-8.01
DCA	2;AS;1821;5.51;-2.71;0.0077;-6.65
DCA	3;F9;1097;11.14;2.02;0.0146;-1.02
DCA	4;UA;6135;11.28;5.41;0.0163;-0.88
DCA	5;DL;9064;11.29;2.51;0.0117;-0.87
DCA	6;MQ;4251;12.78;7.2;0.0129;0.62
DCA	7;WN;15766;12.86;3.79;0.0112;0.7
DCA	8;OH;36747;14.26;9.23;0.0211;2.1
DCA	9;9E;2018;14.46;8.48;0.0193;2.3
DCA	10;B6;8372;14.6;6.79;0.0149;2.44
DCA	11;OO;173;16.63;5.8;0.0058;4.47
DCA	12;AA;27473;16.83;9.61;0.0155;4.67
DDC	1;OO;627;23.15;20.5;0.0303;0.0
DEC	1;OO;780;26.27;21.93;0.0231;0.0
DEN	1;AS;2230;7.47;4.8;0.0135;-5.8
DEN	2;DL;12439;10.54;2.25;0.0086;-2.73
DEN	3;OO;59962;10.83;5.7;0.0133;-2.44
DEN	4;UA;101967;12.34;7.16;0.012;-0.93
DEN	5;MQ;181;14.0;9.05;0.0;0.73
DEN	6;WN;96614;14.88;8.94;0.0081;1.61
DEN	7;F9;25103;15.51;10.3;0.0152;2.24
DEN	8;G4;444;16.33;13.92;0.0158;3.06
DEN	9;AA;8436;19.19;13.88;0.0162;5.92
DEN	10;B6;1233;31.19;26.83;0.0097;17.92
DEN	11;NK;36;44.25;37.86;0.0;30.98
DFW	1;MQ;70002;8.8;4.73;0.0157;-10.15
DFW	2;OO;24411;9.87;5.68;0.0201;-9.08
DFW	3;DL;12219;14.46;6.82;0.0092;-4.49
DFW	4;UA;8268;14.99;10.76;0.0156;-3.96
DFW	5;AS;2404;15.09;13.53;0.022;-3.86
DFW	6;NK;10125;17.72;11.72;0.013;-1.23
DFW	7;OH;9246;20.36;15.31;0.0253;1.41
DFW	8;F9;10210;21.4;20.12;0.0267;2.45
DFW	9;AA;166286;24.96;19.24;0.0199;6.01
DFW	10;B6;364;37.77;33.99;0.011;18.82
DFW	11;YX;45;38.3;25.68;0.0222;19.35
DFW	12;9E;2;99.5;130.0;0.0;80.55
DHN	1;9E;536;7.98;3.56;0.0056;-2.09
DHN	2;OO;230;15.0;11.49;0.013;4.93
DIK	1;OO;671;12.08;3.24;0.0253;0.0
DLG	1;AS;110;2.18;3.52;0.0273;0.0
DLH	1;YX;501;2.21;-4.29;0.004;-9.0
DLH	2;9E;189;8.13;8.02;0.0106;-3.08
DLH	3;DL;108;10.64;4.41;0.0093;-0.57
DLH	4;OO;1434;14.82;8.11;0.0119;3.61
DRO	1;MQ;27;-2.74;-20.3;0.0;-14.49
DRO	2;UA;725;8.73;-3.01;0.011;-3.02
DRO	3;OO;3065;12.5;9.08;0.0095;0.75
DRO	4;AA;9;43.33;36.56;0.0;31.58
DSM	1;YX;930;3.55;1.74;0.0161;-9.75
DSM	2;UA;2009;6.73;5.07;0.0149;-6.57
DSM	3;9E;2595;7.48;0.87;0.0173;-5.82
DSM	4;MQ;919;8.61;3.33;0.0185;-4.69
DSM	5;WN;1779;9.15;2.13;0.0096;-4.15
DSM	6;DL;1183;11.43;1.49;0.0101;-1.87
DSM	7;OO;900;12.74;8.22;0.0167;-0.56
DSM	8;OH;476;14.12;10.84;0.0189;0.82
DSM	9;F9;291;15.93;13.87;0.0172;2.63
DSM	10;G4;1724;19.15;14.71;0.0191;5.85
DSM	11;AA;2497;29.56;24.71;0.0168;16.26
DTW	1;YX;4834;3.08;-1.53;0.0161;-8.16
DTW	2;9E;12740;4.81;0.18;0.0093;-6.43
DTW	3;MQ;854;7.19;4.73;0.0281;-4.05
DTW	4;UA;2295;7.2;1.81;0.0109;-4.04
DTW	5;WN;4073;9.15;1.96;0.0066;-2.09
DTW	6;NK;10566;9.82;0.85;0.014;-1.42
DTW	7;AS;510;9.99;4.74;0.0196;-1.25
DTW	8;DL;58870;11.24;5.08;0.0088;0.0
DTW	9;OH;1182;11.42;7.53;0.0195;0.18
DTW	10;B6;1034;14.72;11.79;0.0087;3.48
DTW	11;OO;26180;15.24;11.2;0.0072;4.0
DTW	12;AA;5865;15.54;9.95;0.0179;4.3
DTW	13;F9;2364;21.65;15.9;0.0338;10.41
DVL	1;OO;678;20.03;15.1;0.0428;0.0
EAR	1;OO;105;23.35;17.51;0.0286;0.0
EAU	1;OO;31;25.69;20.17;0.0645;0.0
ECP	1;DL;2350;7.89;2.49;0.0081;-4.68
ECP	2;OO;288;8.5;4.17;0.0069;-4.07
ECP	3;WN;3156;8.85;4.19;0.0076;-3.72
ECP	4;MQ;769;14.59;9.79;0.0182;2.02
ECP	5;OH;1061;16.18;14.55;0.0075;3.61
