ABE	1;G4;3678;8.43;0.64;0.0163;8.43
ABE	2;9E;2034;9.42;0.67;0.0138;9.42
ABE	3;OH;2332;15.55;4.43;0.0129;15.55
ABE	4;OO;630;30.63;22.01;0.0381;30.63
ABI	1;MQ;3514;7.26;4.41;0.0085;7.26
ABQ	1;DL;3094;1.75;-5.59;0.009;1.75
ABQ	2;OO;7974;2.1;-2.05;0.0045;2.1
ABQ	3;MQ;1814;5.28;3.25;0.0066;5.28
ABQ	4;UA;3644;5.48;-0.32;0.0104;5.48
ABQ	5;AS;846;8.42;4.52;0.0095;8.42
ABQ	6;NK;1050;9.08;5.21;0.0114;9.08
ABQ	7;WN;23220;10.47;4.34;0.0053;10.47
ABQ	8;AA;6032;19.82;17.16;0.0209;19.82
ABQ	9;B6;510;48.96;45.11;0.0196;48.96
ABR	1;OO;1456;19.3;10.72;0.0082;19.3
ABY	1;9E;76;9.53;4.37;0.0;9.53
ABY	2;OO;1454;17.64;16.5;0.0096;17.64
ACK	1;B6;2014;11.6;8.42;0.0387;11.6
ACK	2;YX;1238;14.99;15.23;0.084;14.99
ACK	3;MQ;44;21.82;22.68;0.0;21.82
ACK	4;OO;54;30.54;18.04;0.037;30.54
ACT	1;OO;1500;14.17;14.08;0.0267;14.17
ACT	2;MQ;674;18.48;18.01;0.0208;18.48
ACV	1;OO;3474;19.81;17.94;0.019;19.81
ACY	1;NK;6104;8.88;1.75;0.0183;8.88
ADK	1;AS;208;-6.06;-6.83;0.0769;-6.06
ADQ	1;AS;1632;2.66;1.35;0.0208;2.66
AEX	1;9E;1756;14.56;9.6;0.0103;14.56
AEX	2;OO;2110;18.04;13.54;0.0227;18.04
AEX	3;MQ;66;39.67;39.12;0.0;39.67
AGS	1;MQ;384;8.14;0.4;0.026;8.14
AGS	2;YX;62;9.94;-0.71;0.0;9.94
AGS	3;9E;3206;12.48;6.96;0.0206;12.48
AGS	4;DL;336;17.85;12.74;0.0;17.85
AGS	5;OH;3146;21.25;19.72;0.0273;21.25
AGS	6;OO;864;27.2;20.63;0.0116;27.2
AGS	7;AA;46;36.48;34.35;0.0;36.48
AKN	1;AS;356;-6.34;-3.27;0.0056;-6.34
ALB	1;MQ;372;2.77;0.95;0.0;2.77
ALB	2;YX;664;3.24;-2.18;0.0151;3.24
ALB	3;9E;2178;4.75;-4.38;0.0193;4.75
ALB	4;UA;1490;5.95;2.18;0.0121;5.95
ALB	5;OO;1668;9.54;4.0;0.0024;9.54
ALB	6;WN;7064;11.38;3.81;0.0091;11.38
ALB	7;DL;2704;13.36;3.75;0.0141;13.36
ALB	8;OH;2334;17.22;13.58;0.0308;17.22
ALB	9;B6;1558;18.44;12.94;0.0128;18.44
ALB	10;AA;2906;20.52;13.76;0.0083;20.52
ALB	11;G4;1146;24.64;15.53;0.014;24.64
ALW	1;OO;1088;0.2;2.82;0.0331;0.2
AMA	1;WN;3882;7.14;0.94;0.0052;7.14
AMA	2;MQ;4140;7.8;5.53;0.0169;7.8
AMA	3;OO;1740;14.56;11.78;0.0172;14.56
AMA	4;AA;410;22.62;21.82;0.0244;22.62
ANC	1;AS;28558;3.72;0.98;0.0163;3.72
ANC	2;UA;2588;11.54;0.67;0.0185;11.54
ANC	3;DL;4936;11.78;1.73;0.0073;11.78
ANC	4;AA;1004;35.57;22.97;0.004;35.57
APN	1;OO;1258;16.04;9.79;0.0318;16.04
ASE	1;OO;15776;26.23;20.44;0.0654;26.23
ATL	1;9E;53754;6.58;2.45;0.0109;6.58
ATL	2;YX;2466;8.85;6.09;0.0178;8.85
ATL	3;AS;2880;9.2;4.06;0.0201;9.2
ATL	4;DL;455256;9.23;5.34;0.0086;9.23
ATL	5;WN;66788;12.62;6.55;0.0066;12.62
ATL	6;UA;14692;12.95;7.46;0.0163;12.95
ATL	7;MQ;1332;17.87;15.14;0.0195;17.87
ATL	8;OH;4972;19.21;15.74;0.0161;19.21
ATL	9;NK;20410;20.3;13.26;0.0171;20.3
ATL	10;OO;16470;20.88;17.41;0.0077;20.88
ATL	11;AA;15434;22.39;18.21;0.0172;22.39
ATL	12;B6;6014;22.52;17.56;0.0156;22.52
ATL	13;F9;23352;25.18;20.74;0.0249;25.18
ATW	1;G4;2636;7.54;0.29;0.0197;7.54
ATW	2;9E;352;10.79;9.34;0.0;10.79
ATW	3;DL;650;10.8;2.75;0.0092;10.8
ATW	4;MQ;1506;13.71;6.83;0.0133;13.71
ATW	5;OO;7374;19.69;15.99;0.0206;19.69
AUS	1;YX;242;2.12;-3.23;0.0;2.12
AUS	2;OH;50;9.28;0.04;0.0;9.28
AUS	3;UA;19136;10.47;4.59;0.0138;10.47
AUS	4;AS;5674;11.14;8.29;0.0257;11.14
AUS	5;WN;75042;11.76;5.61;0.0064;11.76
AUS	6;MQ;4562;13.06;10.94;0.0145;13.06
AUS	7;DL;22400;14.11;6.82;0.0083;14.11
AUS	8;9E;758;15.29;14.15;0.0053;15.29
AUS	9;NK;2182;18.5;11.2;0.0247;18.5
AUS	10;G4;2204;20.44;16.85;0.0191;20.44
AUS	11;OO;7392;21.57;16.98;0.0032;21.57
AUS	12;AA;27718;22.87;19.47;0.0149;22.87
AUS	13;F9;1410;25.04;20.88;0.017;25.04
AUS	14;HA;332;32.15;36.62;0.006;32.15
AUS	15;B6;1586;33.11;24.05;0.0101;33.11
AVL	1;YX;2258;7.97;2.42;0.0443;7.97
AVL	2;9E;1350;10.39;1.91;0.0207;10.39
AVL	3;UA;376;11.29;5.99;0.0319;11.29
AVL	4;OH;4150;11.81;11.15;0.0284;11.81
AVL	5;DL;4536;12.26;3.49;0.0251;12.26
AVL	6;OO;1448;16.29;13.39;0.0401;16.29
AVL	7;G4;6540;17.9;14.34;0.0315;17.9
AVL	8;MQ;2362;22.6;19.8;0.0271;22.6
AVL	9;B6;166;25.28;23.67;0.012;25.28
AVL	10;AA;978;52.07;46.04;0.0532;52.07
AVP	1;MQ;968;15.23;10.64;0.0124;15.23
AVP	2;AA;1650;18.57;13.48;0.0109;18.57
AVP	3;OH;478;25.21;11.29;0.0126;25.21
AVP	4;OO;88;64.1;52.45;0.0455;64.1
AZA	1;G4;11768;4.42;-0.96;0.0071;4.42
AZO	1;9E;28;2.64;-2.93;0.0;2.64
AZO	2;OO;1982;11.21;5.64;0.0161;11.21
BDL	1;YX;1026;-1.15;-8.01;0.0039;-1.15
BDL	2;MQ;1120;5.38;1.68;0.0143;5.38
BDL	3;UA;4390;6.23;1.53;0.0132;6.23
BDL	4;9E;732;7.2;1.55;0.0301;7.2
BDL	5;DL;8044;7.47;-0.3;0.008;7.47
BDL	6;NK;1192;9.35;5.63;0.0185;9.35
BDL	7;WN;8208;10.67;2.78;0.0066;10.67
BDL	8;B6;6770;14.99;7.68;0.0136;14.99
BDL	9;AA;7948;15.36;10.05;0.0164;15.36
BDL	10;OH;2978;17.8;12.59;0.0255;17.8
BDL	11;OO;138;18.63;18.59;0.0145;18.63
BDL	12;F9;2058;36.47;31.18;0.0292;36.47
BET	1;AS;1452;8.41;12.03;0.011;8.41
BFF	1;OO;1254;9.97;9.16;0.0271;9.97
BFL	1;MQ;676;1.46;-4.22;0.003;1.46
BFL	2;OO;2842;4.94;-1.5;0.0042;4.94
BFL	3;AA;1844;12.17;7.56;0.0108;12.17
BGM	1;9E;734;12.44;7.25;0.0327;12.44
BGR	1;9E;2524;2.57;-6.16;0.0404;2.57
BGR	2;OH;1622;9.41;-0.09;0.0308;9.41
BGR	3;YX;2030;10.15;3.25;0.0463;10.15
BGR	4;MQ;498;11.59;12.59;0.0161;11.59
BGR	5;OO;312;15.46;14.63;0.0064;15.46
BGR	6;G4;1070;18.8;3.99;0.028;18.8
BGR	7;AA;1216;25.96;24.85;0.0197;25.96
BHM	1;UA;8;-4.25;-11.5;0.0;-4.25
BHM	2;YX;770;-1.21;-3.86;0.0104;-1.21
BHM	3;DL;5844;6.06;1.18;0.0089;6.06
BHM	4;9E;2230;6.78;-0.66;0.035;6.78
BHM	5;MQ;4926;9.52;6.18;0.0102;9.52
BHM	6;NK;146;10.16;11.7;0.0;10.16
BHM	7;WN;8606;12.43;7.38;0.0084;12.43
BHM	8;OO;3194;14.4;10.03;0.0088;14.4
BHM	9;OH;7960;15.07;11.28;0.0148;15.07
BHM	10;AA;782;39.15;37.43;0.0153;39.15
BIH	1;OO;548;19.79;8.94;0.0693;19.79
BIL	1;UA;1472;1.81;-1.27;0.0068;1.81
BIL	2;OO;2688;2.1;-0.82;0.006;2.1
BIL	3;DL;1576;5.28;2.26;0.0127;5.28
BIL	4;MQ;1832;11.37;9.25;0.0044;11.37
BIL	5;G4;730;17.76;16.01;0.0137;17.76
BIS	1;9E;20;1.6;16.0;0.0;1.6
BIS	2;DL;1260;6.7;-0.39;0.0063;6.7
BIS	3;G4;1086;6.89;-3.07;0.0147;6.89
BIS	4;MQ;1204;9.4;5.55;0.0033;9.4
BIS	5;OO;4378;14.2;8.37;0.0101;14.2
BJI	1;OO;1460;15.83;9.92;0.0096;15.83
BLI	1;G4;1918;0.99;-3.77;0.0063;0.99
BLI	2;WN;1240;8.83;2.15;0.0065;8.83
BLI	3;OO;1930;11.0;12.4;0.0073;11.0
BLV	1;G4;2196;21.24;15.07;0.0255;21.24
BMI	1;9E;1462;7.53;0.36;0.0123;7.53
BMI	2;MQ;1458;8.51;2.68;0.0165;8.51
BMI	3;F9;120;9.53;12.97;0.0333;9.53
BMI	4;G4;460;26.7;23.46;0.0174;26.7
BNA	1;YX;11446;3.24;0.69;0.0121;3.24
BNA	2;DL;16776;4.43;-1.66;0.0087;4.43
BNA	3;AS;2426;7.34;-1.87;0.0107;7.34
BNA	4;WN;102002;10.98;3.78;0.0084;10.98
BNA	5;G4;6058;11.4;5.74;0.0145;11.4
BNA	6;MQ;5078;11.61;9.63;0.0232;11.61
BNA	7;UA;12492;11.93;7.05;0.0157;11.93
BNA	8;OH;4804;12.66;10.32;0.02;12.66
BNA	9;OO;8274;13.53;9.45;0.0169;13.53
BNA	10;B6;2708;15.07;9.06;0.0177;15.07
BNA	11;F9;1528;16.24;15.45;0.0183;16.24
BNA	12;NK;7616;19.01;10.16;0.0284;19.01
BNA	13;9E;2378;20.85;17.42;0.0378;20.85
BNA	14;AA;16854;23.58;21.54;0.0215;23.58
BOI	1;AS;1250;4.36;3.81;0.0064;4.36
BOI	2;OO;22614;4.76;2.86;0.0034;4.76
BOI	3;MQ;534;6.61;2.83;0.0037;6.61
BOI	4;WN;9490;6.83;0.36;0.0027;6.83
BOI	5;UA;2738;7.17;2.23;0.0205;7.17
BOI	6;NK;1084;8.48;4.36;0.0203;8.48
BOI	7;DL;5494;8.84;2.98;0.0084;8.84
BOI	8;AA;1808;12.07;6.83;0.0144;12.07
BOI	9;G4;706;33.1;31.71;0.0085;33.1
BOS	1;9E;16;-3.71;-17.86;0.125;-3.71
BOS	2;G4;1038;3.25;-4.48;0.025;3.25
BOS	3;YX;53158;3.77;-1.54;0.016;3.77
BOS	4;OO;4;9.5;23.5;0.0;9.5
BOS	5;UA;24918;10.26;2.37;0.0174;10.26
BOS	6;AS;5176;11.32;4.27;0.0162;11.32
BOS	7;DL;51393;12.33;2.46;0.0094;12.33
BOS	8;MQ;3862;12.96;5.55;0.015;12.96
BOS	9;WN;13270;13.2;3.5;0.0087;13.2
BOS	10;B6;82359;14.46;7.36;0.0134;14.46
BOS	11;AA;34362;14.95;4.67;0.0136;14.95
BOS	12;F9;2960;17.83;14.45;0.0236;17.83
BOS	13;HA;442;19.35;16.95;0.009;19.35
BOS	14;NK;14020;21.1;12.25;0.0328;21.1
BPT	1;OO;1084;6.77;1.14;0.0203;6.77
BPT	2;MQ;376;16.86;12.91;0.0213;16.86
BQK	1;9E;284;7.49;8.09;0.0;7.49
BQK	2;OO;1306;17.43;19.48;0.0031;17.43
BQN	1;B6;3170;15.32;11.37;0.0126;15.32
BQN	2;F9;990;17.86;6.46;0.0121;17.86
BQN	3;UA;732;22.51;12.81;0.0301;22.51
BRD	1;OO;1298;7.3;2.34;0.0062;7.3
BRO	1;MQ;2484;5.69;3.63;0.0145;5.69
BRO	2;OO;1440;14.76;11.02;0.0278;14.76
BRW	1;AS;728;9.59;11.36;0.0522;9.59
BTM	1;OO;1380;-4.98;-14.18;0.0;-4.98
BTR	1;DL;1818;7.5;0.74;0.0121;7.5
BTR	2;9E;1004;9.59;5.52;0.0179;9.59
BTR	3;OO;1180;13.84;9.38;0.0288;13.84
BTR	4;MQ;1986;14.03;11.46;0.0211;14.03
BTR	5;OH;3840;15.03;11.54;0.0167;15.03
BTR	6;UA;8;24.0;24.0;0.0;24.0
BTV	1;F9;24;2.5;-2.42;0.0;2.5
BTV	2;YX;3366;2.65;-5.91;0.022;2.65
BTV	3;B6;12;3.0;-0.67;0.0;3.0
BTV	4;DL;936;7.83;1.22;0.0171;7.83
BTV	5;UA;2234;8.1;6.52;0.017;8.1
BTV	6;MQ;672;8.93;10.5;0.0208;8.93
BTV	7;9E;3566;9.83;1.7;0.028;9.83
BTV	8;OO;490;12.37;6.67;0.0;12.37
BTV	9;OH;3514;16.91;12.01;0.0182;16.91
BTV	10;AA;1426;18.43;12.9;0.0126;18.43
BTV	11;G4;4;38.0;15.0;0.5;38.0
BUF	1;YX;5546;6.05;1.44;0.0361;6.05
BUF	2;MQ;994;6.77;2.55;0.0101;6.77
BUF	3;9E;3848;8.63;0.6;0.0301;8.63
BUF	4;WN;10692;9.8;2.33;0.0166;9.8
BUF	5;B6;6902;9.91;5.26;0.0209;9.91
BUF	6;DL;4260;10.3;2.42;0.0117;10.3
BUF	7;UA;1994;11.26;9.45;0.0211;11.26
BUF	8;OO;1618;16.07;9.71;0.0297;16.07
BUF	9;AA;4364;17.92;15.04;0.0137;17.92
BUF	10;OH;1802;17.99;17.12;0.0255;17.99
BUF	11;F9;2312;18.58;12.23;0.0389;18.58
BUR	1;AS;4494;3.95;2.67;0.0218;3.95
BUR	2;WN;37302;7.47;0.29;0.0099;7.47
BUR	3;F9;148;8.77;13.18;0.0;8.77
BUR	4;OO;8240;11.44;9.31;0.01;11.44
BUR	5;UA;3188;12.55;9.46;0.0157;12.55
BUR	6;NK;3838;14.2;11.37;0.0177;14.2
BUR	7;AA;2478;19.92;14.96;0.0097;19.92
BUR	8;DL;890;21.5;14.88;0.0067;21.5
BUR	9;MQ;94;42.34;33.94;0.0;42.34
BUR	10;B6;600;46.24;39.74;0.02;46.24
BWI	1;OO;18;-5.78;-11.11;0.0;-5.78
BWI	2;MQ;1082;3.43;-3.69;0.0129;3.43
BWI	3;UA;7250;6.2;-0.11;0.0179;6.2
BWI	4;OH;54;6.63;4.37;0.0;6.63
BWI	5;YX;1872;7.16;1.92;0.015;7.16
BWI	6;B6;444;7.17;3.6;0.0225;7.17
BWI	7;DL;10552;9.2;1.7;0.0072;9.2
BWI	8;WN;146485;15.78;8.41;0.0091;15.78
BWI	9;NK;13506;15.94;8.18;0.0176;15.94
BWI	10;AS;1170;15.94;11.0;0.0205;15.94
BWI	11;AA;7564;17.64;10.71;0.0175;17.64
BWI	12;9E;1000;18.5;10.34;0.056;18.5
BWI	13;F9;5856;26.03;22.82;0.0355;26.03
BWI	14;G4;290;32.8;27.42;0.0138;32.8
BZN	1;AS;1306;4.94;6.3;0.0123;4.94
BZN	2;MQ;136;6.03;-0.07;0.0;6.03
BZN	3;OO;4022;6.43;2.77;0.0055;6.43
BZN	4;DL;3602;7.06;1.97;0.005;7.06
BZN	5;WN;4024;7.97;1.82;0.0045;7.97
BZN	6;UA;4444;12.07;7.06;0.0135;12.07
BZN	7;G4;752;13.05;7.29;0.0239;13.05
BZN	8;AA;1830;33.27;30.5;0.0033;33.27
BZN	9;B6;290;37.79;33.71;0.0207;37.79
CAE	1;DL;3040;4.15;-4.01;0.0072;4.15
CAE	2;OO;1454;4.69;3.01;0.0069;4.69
CAE	3;9E;2506;6.58;1.16;0.0192;6.58
CAE	4;MQ;112;6.7;4.71;0.0;6.7
CAE	5;OH;4440;9.57;8.7;0.0131;9.57
CAE	6;YX;682;13.56;10.52;0.0469;13.56
CAE	7;AA;1400;29.31;25.57;0.03;29.31
CAK	1;OH;3302;10.7;7.41;0.0073;10.7
CAK	2;G4;1512;16.64;10.31;0.0198;16.64
CAK	3;OO;2138;19.4;17.71;0.0159;19.4
CDC	1;OO;1258;3.81;-1.8;0.0079;3.81
CDV	1;AS;1452;0.35;-0.66;0.0193;0.35
CHA	1;YX;296;4.48;1.84;0.0;4.48
CHA	2;DL;2466;8.52;0.01;0.0081;8.52
CHA	3;9E;3068;8.88;2.92;0.0065;8.88
CHA	4;OH;2942;12.2;8.13;0.0102;12.2
CHA	5;MQ;2498;16.81;12.84;0.0192;16.81
CHA	6;OO;1878;16.85;15.76;0.0181;16.85
CHA	7;G4;558;22.92;18.3;0.0323;22.92
CHO	1;OH;126;-3.56;-1.38;0.0;-3.56
CHO	2;YX;926;8.11;8.96;0.0259;8.11
CHO	3;9E;3568;9.28;2.28;0.0269;9.28
CHO	4;DL;514;9.61;-1.29;0.0;9.61
CHO	5;OO;1272;15.86;16.5;0.0189;15.86
CHS	1;YX;4544;4.07;-1.04;0.0132;4.07
CHS	2;AS;700;4.34;-1.52;0.0257;4.34
CHS	3;OH;3482;7.54;5.08;0.0184;7.54
CHS	4;WN;7068;8.0;2.84;0.0062;8.0
CHS	5;MQ;1842;8.54;4.52;0.0152;8.54
CHS	6;UA;4452;9.42;4.74;0.013;9.42
CHS	7;DL;7784;9.61;4.18;0.009;9.61
CHS	8;9E;3976;10.25;3.79;0.0428;10.25
CHS	9;G4;412;13.16;12.18;0.0291;13.16
CHS	10;OO;738;14.99;12.93;0.0136;14.99
CHS	11;B6;3680;16.77;12.14;0.0163;16.77
CHS	12;AA;9784;17.82;14.63;0.0184;17.82
CHS	13;F9;350;18.63;14.24;0.0229;18.63
CHS	14;NK;2576;18.89;13.01;0.0311;18.89
CID	1;9E;320;1.02;-2.62;0.0;1.02
CID	2;YX;308;3.95;-4.86;0.0519;3.95
CID	3;MQ;2360;7.78;4.88;0.0195;7.78
CID	4;F9;550;9.34;6.78;0.0218;9.34
CID	5;UA;2294;9.38;6.71;0.0174;9.38
CID	6;OH;1370;12.75;7.65;0.0336;12.75
CID	7;G4;1958;13.26;6.65;0.0225;13.26
CID	8;OO;3858;16.11;13.82;0.0233;16.11
CID	9;DL;740;17.88;12.78;0.0135;17.88
CID	10;AA;2512;34.93;29.33;0.0318;34.93
CIU	1;OO;1456;23.95;18.38;0.0137;23.95
CKB	1;G4;414;37.02;35.43;0.0242;37.02
CLE	1;YX;8842;4.3;-1.17;0.0217;4.3
CLE	2;AS;954;4.36;1.44;0.0168;4.36
CLE	3;UA;17136;4.37;-2.22;0.0138;4.37
CLE	4;WN;10068;7.52;0.12;0.007;7.52
CLE	5;MQ;1224;8.8;2.08;0.0098;8.8
CLE	6;B6;1644;9.67;6.26;0.0158;9.67
CLE	7;DL;6374;9.78;-0.25;0.0088;9.78
CLE	8;OH;3026;11.09;8.87;0.0132;11.09
CLE	9;OO;3348;12.34;5.86;0.0084;12.34
CLE	10;NK;2014;13.04;4.89;0.0238;13.04
CLE	11;9E;4968;13.43;5.66;0.0278;13.43
CLE	12;AA;9340;14.01;9.94;0.0193;14.01
CLE	13;F9;13274;19.93;13.95;0.028;19.93
CLL	1;MQ;1664;10.69;6.04;0.0216;10.69
CLL	2;OO;580;21.96;20.59;0.0345;21.96
CLT	1;YX;5258;8.23;3.69;0.0129;8.23
CLT	2;DL;12462;10.78;2.12;0.0064;10.78
CLT	3;UA;8090;12.35;8.93;0.0148;12.35
CLT	4;OH;113708;12.44;8.25;0.0118;12.44
CLT	5;9E;6272;14.68;9.03;0.0392;14.68
CLT	6;MQ;12268;15.68;11.85;0.0145;15.68
CLT	7;WN;6600;17.48;11.03;0.0033;17.48
CLT	8;B6;1060;17.57;9.36;0.0189;17.57
CLT	9;OO;114;20.12;9.09;0.0;20.12
CLT	10;AA;252968;21.63;17.07;0.0134;21.63
CLT	11;NK;9772;22.34;16.47;0.0272;22.34
CLT	12;F9;6576;31.04;33.37;0.0335;31.04
CMH	1;YX;23086;1.33;-4.35;0.0119;1.33
CMH	2;DL;6664;5.85;-1.7;0.0087;5.85
CMH	3;AS;942;7.32;-1.73;0.0191;7.32
CMH	4;WN;23800;9.47;2.16;0.0096;9.47
CMH	5;9E;504;9.72;1.48;0.004;9.72
CMH	6;MQ;6244;11.69;7.08;0.0067;11.69
CMH	7;UA;5356;13.59;10.31;0.0146;13.59
CMH	8;NK;5094;13.75;4.35;0.0196;13.75
CMH	9;OO;2658;14.73;7.98;0.0015;14.73
CMH	10;OH;2658;15.69;10.7;0.0105;15.69
CMH	11;F9;484;18.13;15.41;0.0289;18.13
CMH	12;AA;7054;20.89;16.14;0.0164;20.89
CMI	1;MQ;2770;15.45;8.07;0.0152;15.45
CMX	1;OO;1460;19.24;17.73;0.0411;19.24
CNY	1;OO;62;3.41;-1.86;0.0645;3.41
COD	1;OO;1262;17.09;9.51;0.0079;17.09
COS	1;UA;1490;8.62;5.14;0.0255;8.62
COS	2;OO;10016;8.86;2.16;0.0116;8.86
COS	3;WN;9824;9.34;3.6;0.0063;9.34
COS	4;DL;1108;13.89;8.79;0.0072;13.89
COS	5;MQ;710;15.64;13.14;0.0028;15.64
COS	6;AA;2160;18.33;17.66;0.025;18.33
COU	1;MQ;3356;12.68;10.03;0.0203;12.68
COU	2;OO;202;57.59;50.67;0.0198;57.59
CPR	1;OO;3542;6.63;-2.24;0.0073;6.63
CRP	1;OO;536;5.66;2.79;0.0187;5.66
CRP	2;MQ;4878;8.7;7.2;0.0197;8.7
CRP	3;WN;2328;9.28;5.32;0.0112;9.28
CRW	1;9E;360;1.87;-6.53;0.0;1.87
CRW	2;OH;2878;14.44;10.95;0.0118;14.44
CRW	3;OO;3628;24.66;18.6;0.0132;24.66
CSG	1;9E;1190;9.29;3.69;0.0303;9.29
CSG	2;OO;812;18.19;13.23;0.0099;18.19
CVG	1;YX;11100;3.4;-1.61;0.0168;3.4
CVG	2;UA;4160;6.77;2.83;0.0101;6.77
CVG	3;OO;1732;7.62;5.62;0.0035;7.62
CVG	4;9E;13240;8.06;2.07;0.0174;8.06
CVG	5;DL;14264;8.82;1.23;0.0091;8.82
CVG	6;WN;4330;9.27;3.05;0.006;9.27
CVG	7;AS;702;9.7;3.87;0.0342;9.7
CVG	8;MQ;5370;12.65;9.3;0.0071;12.65
CVG	9;G4;6538;12.96;9.1;0.0141;12.96
CVG	10;F9;9444;14.64;10.37;0.0214;14.64
CVG	11;OH;4974;15.04;12.49;0.0105;15.04
CVG	12;AA;6686;20.3;14.59;0.0188;20.3
CWA	1;9E;1462;3.56;-2.9;0.0082;3.56
CYS	1;OO;1358;8.17;-1.46;0.0206;8.17
DAB	1;DL;2896;7.02;2.14;0.0131;7.02
DAB	2;OH;2204;10.33;2.69;0.0281;10.33
DAB	3;AA;630;11.96;6.98;0.0095;11.96
DAB	4;MQ;18;15.0;10.56;0.0;15.0
DAL	1;AS;726;2.92;-2.37;0.0248;2.92
DAL	2;DL;4160;12.33;6.75;0.0072;12.33
DAL	3;WN;140462;14.08;8.22;0.0108;14.08
DAY	1;YX;638;0.02;-2.49;0.0063;0.02
DAY	2;DL;2338;2.68;-8.49;0.0103;2.68
DAY	3;9E;966;8.17;-2.4;0.0228;8.17
DAY	4;OH;7250;9.31;5.12;0.0102;9.31
DAY	5;OO;3162;10.58;5.72;0.0095;10.58
DAY	6;MQ;370;12.94;6.09;0.0162;12.94
DAY	7;G4;556;20.06;15.22;0.0432;20.06
DCA	1;YX;54198;4.09;-1.63;0.0143;4.09
DCA	2;AS;3642;5.5;-2.71;0.0077;5.5
DCA	3;F9;2194;11.14;2.02;0.0146;11.14
DCA	4;UA;12270;11.24;5.41;0.0163;11.24
DCA	5;DL;18128;11.29;2.51;0.0117;11.29
DCA	6;MQ;8502;12.74;7.2;0.0129;12.74
DCA	7;WN;31532;12.86;3.79;0.0112;12.86
DCA	8;OH;73494;14.11;9.23;0.0211;14.11
DCA	9;B6;16744;14.46;6.79;0.0149;14.46
DCA	10;9E;4036;14.46;8.48;0.0193;14.46
DCA	11;OO;346;16.63;5.8;0.0058;16.63
DCA	12;AA;54946;16.73;9.61;0.0155;16.73
DDC	1;OO;1254;23.15;20.5;0.0303;23.15
DEC	1;OO;1560;26.27;21.93;0.0231;26.27
DEN	1;AS;4460;7.47;4.8;0.0135;7.47
DEN	2;DL;24878;10.5;2.25;0.0086;10.5
DEN	3;OO;119923;10.81;5.7;0.0133;10.81
DEN	4;UA;203934;12.31;7.16;0.012;12.31
DEN	5;MQ;362;14.0;9.05;0.0;14.0
DEN	6;WN;193228;14.86;8.94;0.0081;14.86
DEN	7;F9;50206;15.48;10.3;0.0152;15.48
DEN	8;G4;888;16.33;13.92;0.0158;16.33
DEN	9;AA;16872;19.16;13.88;0.0162;19.16
DEN	10;B6;2466;31.19;26.83;0.0097;31.19
DEN	11;NK;72;44.25;37.86;0.0;44.25
DFW	1;MQ;140004;8.76;4.73;0.0157;8.76
DFW	2;OO;48822;9.83;5.68;0.0201;9.83
DFW	3;DL;24438;14.42;6.82;0.0092;14.42
DFW	4;UA;16536;14.99;10.76;0.0156;14.99
DFW	5;AS;4808;15.05;13.53;0.022;15.05
DFW	6;NK;20250;17.67;11.72;0.013;17.67
DFW	7;OH;18492;20.15;15.31;0.0253;20.15
DFW	8;F9;20420;21.34;20.12;0.0267;21.34
DFW	9;AA;332571;24.89;19.24;0.0199;24.89
DFW	10;B6;728;37.77;33.99;0.011;37.77
DFW	11;YX;90;38.3;25.68;0.0222;38.3
DFW	12;9E;4;99.5;130.0;0.0;99.5
DHN	1;9E;1072;7.98;3.56;0.0056;7.98
DHN	2;OO;460;15.0;11.49;0.013;15.0
DIK	1;OO;1342;12.08;3.24;0.0253;12.08
DLG	1;AS;220;2.18;3.52;0.0273;2.18
DLH	1;YX;1002;2.21;-4.29;0.004;2.21
DLH	2;9E;378;8.13;8.02;0.0106;8.13
DLH	3;DL;216;10.64;4.41;0.0093;10.64
DLH	4;OO;2868;14.82;8.11;0.0119;14.82
DRO	1;MQ;54;-2.74;-20.3;0.0;-2.74
DRO	2;UA;1450;8.73;-3.01;0.011;8.73
DRO	3;OO;6130;12.5;9.08;0.0095;12.5
DRO	4;AA;18;43.33;36.56;0.0;43.33
DSM	1;YX;1860;3.55;1.74;0.0161;3.55
DSM	2;UA;4018;6.62;5.07;0.0149;6.62
DSM	3;9E;5190;7.36;0.87;0.0173;7.36
DSM	4;MQ;1838;8.61;3.33;0.0185;8.61
DSM	5;WN;3558;9.15;2.13;0.0096;9.15
DSM	6;DL;2366;11.43;1.49;0.0101;11.43
DSM	7;OO;1800;12.74;8.22;0.0167;12.74
DSM	8;OH;952;14.12;10.84;0.0189;14.12
DSM	9;F9;582;15.93;13.87;0.0172;15.93
DSM	10;G4;3448;19.15;14.71;0.0191;19.15
DSM	11;AA;4994;29.56;24.71;0.0168;29.56
DTW	1;YX;9668;3.03;-1.53;0.0161;3.03
DTW	2;9E;25480;4.75;0.18;0.0093;4.75
DTW	3;UA;4590;7.18;1.81;0.0109;7.18
DTW	4;MQ;1708;7.19;4.73;0.0281;7.19
DTW	5;WN;8146;9.14;1.96;0.0066;9.14
DTW	6;NK;21131;9.77;0.85;0.014;9.77
DTW	7;AS;1020;9.99;4.74;0.0196;9.99
DTW	8;DL;117740;11.21;5.08;0.0088;11.21
DTW	9;OH;2364;11.28;7.53;0.0195;11.28
DTW	10;B6;2068;14.68;11.79;0.0087;14.68
DTW	11;OO;52360;15.18;11.2;0.0072;15.18
DTW	12;AA;11730;15.54;9.95;0.0179;15.54
DTW	13;F9;4728;21.61;15.9;0.0338;21.61
DVL	1;OO;1356;20.03;15.1;0.0428;20.03
EAR	1;OO;210;23.35;17.51;0.0286;23.35
EAU	1;OO;62;25.69;20.17;0.0645;25.69
ECP	1;DL;4700;7.89;2.49;0.0081;7.89
ECP	2;OO;576;8.5;4.17;0.0069;8.5
ECP	3;WN;6312;8.85;4.19;0.0076;8.85
ECP	4;MQ;1538;14.56;9.79;0.0182;14.56
ECP	5;OH;2122;16.18;14.55;0.0075;16.18
ECP	6;YX;48;19.79;16.17;0.0;19.79
ECP	7;9E;48;36.92;35.21;0.0;36.92
ECP	8;AA;1416;38.01;36.32;0.0198;38.01
EGE	1;OO;3526;11.14;3.99;0.0113;11.14
EGE	2;DL;358;14.57;5.41;0.0056;14.57
EGE	3;UA;1028;18.4;13.48;0.0156;18.4
EGE	4;F9;24;26.25;33.83;0.0;26.25
EGE	5;AA;2668;38.69;36.33;0.0135;38.69
EKO	1;OO;732;-0.06;-7.04;0.0055;-0.06
ELM	1;G4;592;13.44;5.54;0.0169;13.44
ELM	2;OO;1422;24.36;18.72;0.0028;24.36
ELP	1;YX;62;3.03;-3.38;0.0645;3.03
ELP	2;UA;706;5.69;-2.38;0.0057;5.69
ELP	3;OO;4604;6.38;3.37;0.0065;6.38
ELP	4;DL;1428;7.84;1.14;0.0056;7.84
ELP	5;WN;17832;8.5;2.89;0.0054;8.5
ELP	6;MQ;3280;10.07;7.15;0.0079;10.07
ELP	7;F9;1370;16.12;12.07;0.019;16.12
ELP	8;AA;5522;17.08;14.79;0.017;17.08
ELP	9;G4;184;18.7;15.64;0.0217;18.7
ESC	1;OO;1300;10.26;5.0;0.0077;10.26
EUG	1;OO;5104;7.23;2.69;0.0137;7.23
EUG	2;WN;3464;8.22;0.41;0.0179;8.22
EUG	3;AS;596;12.26;13.78;0.0235;12.26
EUG	4;UA;2960;12.88;7.7;0.0176;12.88
EUG	5;AA;1550;23.14;18.34;0.0168;23.14
EUG	6;G4;696;24.89;21.86;0.0345;24.89
EUG	7;MQ;52;47.42;33.5;0.0;47.42
EVV	1;9E;1408;3.02;-4.25;0.0099;3.02
EVV	2;MQ;1452;6.49;2.87;0.0083;6.49
EVV	3;OH;44;9.36;4.0;0.0;9.36
EVV	4;OO;854;18.39;15.37;0.007;18.39
EVV	5;DL;50;36.21;26.29;0.04;36.21
EVV	6;G4;404;42.08;34.02;0.0396;42.08
EWN	1;OH;102;68.4;58.49;0.0784;68.4
EWR	1;OO;2;-4.0;9.0;0.0;-4.0
EWR	2;YX;46768;4.14;-3.66;0.0316;4.14
EWR	3;G4;1318;9.33;-0.83;0.0091;9.33
EWR	4;AS;6540;13.48;5.8;0.0291;13.48
EWR	5;UA;138302;14.81;7.73;0.0234;14.81
EWR	6;B6;11096;16.07;9.13;0.0202;16.07
EWR	7;NK;21508;16.94;6.46;0.0317;16.94
EWR	8;MQ;1594;18.65;11.28;0.0376;18.65
EWR	9;DL;13164;20.59;14.67;0.0111;20.59
EWR	10;9E;3266;22.31;18.82;0.0386;22.31
EWR	11;AA;13654;23.18;13.48;0.0243;23.18
EWR	12;F9;746;31.31;25.64;0.0161;31.31
EYW	1;YX;2186;10.83;7.41;0.0229;10.83
EYW	2;UA;1492;11.51;11.51;0.0228;11.51
EYW	3;MQ;4122;12.18;9.85;0.0286;12.18
EYW	4;DL;2646;13.47;9.76;0.0219;13.47
EYW	5;9E;318;22.29;21.96;0.0189;22.29
EYW	6;G4;1284;22.8;21.63;0.0421;22.8
EYW	7;B6;358;38.93;28.91;0.0279;38.93
EYW	8;AA;3488;43.64;40.76;0.0292;43.64
FAI	1;AS;5226;2.48;-1.01;0.0111;2.48
FAI	2;UA;474;14.42;-0.2;0.0169;14.42
FAI	3;DL;1204;20.63;13.34;0.0116;20.63
FAR	1;DL;1422;3.69;-3.72;0.0056;3.69
FAR	2;9E;448;5.26;-2.27;0.0045;5.26
FAR	3;F9;658;8.35;5.23;0.0122;8.35
FAR	4;G4;1380;9.68;1.51;0.0043;9.68
FAR	5;MQ;3526;11.87;4.77;0.0091;11.87
FAR	6;OO;5728;17.68;13.78;0.0122;17.68
FAR	7;UA;268;18.51;14.82;0.0149;18.51
FAT	1;MQ;40;-1.9;-5.85;0.0;-1.9
FAT	2;AS;754;4.56;3.33;0.0239;4.56
FAT	3;OO;13290;8.45;4.26;0.0051;8.45
FAT	4;WN;2984;11.12;5.48;0.0007;11.12
FAT	5;G4;1270;11.14;12.31;0.0031;11.14
FAT	6;UA;728;19.32;11.77;0.0247;19.32
FAT	7;DL;408;19.84;11.51;0.0196;19.84
FAT	8;AA;4116;21.56;16.85;0.0141;21.56
FAY	1;DL;662;3.85;-4.93;0.0091;3.85
FAY	2;OH;1282;8.22;7.46;0.014;8.22
FAY	3;9E;698;15.17;8.37;0.0;15.17
FAY	4;OO;382;31.61;27.44;0.0105;31.61
FCA	1;OO;2894;6.63;1.59;0.0083;6.63
FCA	2;DL;1590;8.24;3.69;0.0075;8.24
FCA	3;UA;1838;13.36;8.42;0.0098;13.36
FCA	4;G4;508;21.94;18.45;0.0118;21.94
FCA	5;AA;772;27.5;23.58;0.0052;27.5
FCA	6;MQ;78;35.03;27.72;0.0;35.03
FLG	1;OO;3700;11.53;9.12;0.0043;11.53
FLL	1;UA;16464;12.2;6.34;0.0242;12.2
FLL	2;9E;44;14.86;13.86;0.0;14.86
FLL	3;WN;28550;15.78;10.9;0.0132;15.78
FLL	4;DL;24580;15.78;9.91;0.0105;15.78
FLL	5;AS;2040;16.64;10.86;0.0735;16.64
FLL	6;B6;37820;16.67;11.52;0.0125;16.67
FLL	7;G4;6636;17.69;15.1;0.0184;17.69
FLL	8;NK;51338;18.8;14.17;0.0164;18.8
FLL	9;AA;13050;22.59;18.78;0.019;22.59
FLL	10;F9;3258;23.85;21.7;0.0399;23.85
FNT	1;G4;2768;7.82;1.45;0.0108;7.82
FNT	2;OO;1656;23.85;22.06;0.0157;23.85
FOD	1;OO;1254;20.66;17.35;0.0223;20.66
FSD	1;UA;1482;2.33;0.44;0.0094;2.33
FSD	2;YX;112;3.48;-0.09;0.0;3.48
FSD	3;9E;708;7.32;5.62;0.0085;7.32
FSD	4;OO;5166;8.4;2.66;0.0085;8.4
FSD	5;MQ;1550;11.19;4.32;0.0335;11.19
FSD	6;F9;502;11.35;11.56;0.0159;11.35
FSD	7;G4;1906;15.24;9.32;0.0105;15.24
FSD	8;DL;1332;19.76;14.19;0.0135;19.76
FSD	9;AA;1308;24.3;16.77;0.0138;24.3
FSM	1;MQ;2024;11.88;6.96;0.0217;11.88
FSM	2;OO;344;13.54;7.61;0.0349;13.54
FWA	1;MQ;1762;9.72;3.56;0.0045;9.72
FWA	2;OH;334;10.01;2.8;0.0;10.01
FWA	3;9E;468;10.86;-2.93;0.0342;10.86
FWA	4;OO;5210;19.72;14.65;0.0111;19.72
FWA	5;G4;1670;21.8;17.04;0.0263;21.8
GCC	1;OO;1464;10.46;4.44;0.0123;10.46
GCK	1;OO;432;12.95;10.05;0.0463;12.95
GCK	2;MQ;1028;15.62;14.64;0.0175;15.62
GEG	1;UA;1780;2.66;-5.06;0.0213;2.66
GEG	2;OO;11904;3.1;0.51;0.0039;3.1
GEG	3;AS;4590;3.44;1.26;0.017;3.44
GEG	4;WN;7410;6.54;0.09;0.0008;6.54
GEG	5;DL;6006;8.13;2.11;0.0097;8.13
GEG	6;G4;476;13.29;9.86;0.0084;13.29
GEG	7;AA;2888;24.1;17.47;0.0083;24.1
GFK	1;OO;2010;6.62;2.17;0.006;6.62
GFK	2;G4;384;7.19;0.95;0.0052;7.19
GFK	3;9E;172;20.15;10.98;0.0;20.15
GGG	1;OO;998;12.54;8.88;0.02;12.54
GGG	2;MQ;460;17.8;14.8;0.0217;17.8
GJT	1;UA;1450;7.9;-4.08;0.0069;7.9
GJT	2;MQ;992;9.85;9.25;0.006;9.85
GJT	3;OO;5236;10.33;7.21;0.0088;10.33
GJT	4;G4;254;27.98;29.84;0.0157;27.98
GNV	1;DL;3140;5.62;-1.69;0.0127;5.62
GNV	2;MQ;1172;7.4;3.21;0.0205;7.4
GNV	3;9E;246;7.52;1.04;0.0081;7.52
GNV	4;OH;1492;17.11;11.29;0.0402;17.11
GPT	1;9E;110;5.62;-1.07;0.0;5.62
GPT	2;DL;2370;7.92;1.85;0.0127;7.92
GPT	3;OH;2466;8.68;7.7;0.0081;8.68
GPT	4;OO;678;10.42;8.22;0.0147;10.42
GPT	5;MQ;1066;17.14;13.32;0.0263;17.14
GPT	6;G4;52;40.46;41.08;0.0;40.46
GRB	1;9E;146;1.34;-10.49;0.0;1.34
GRB	2;YX;358;3.62;1.08;0.0112;3.62
GRB	3;MQ;788;8.55;4.32;0.0178;8.55
GRB	4;OO;6150;13.43;8.72;0.015;13.43
GRB	5;DL;740;16.47;9.68;0.0054;16.47
GRB	6;F9;224;22.16;17.24;0.0268;22.16
GRI	1;G4;450;18.77;13.06;0.0178;18.77
GRI	2;OO;1458;21.52;18.7;0.0165;21.52
GRK	1;MQ;2602;12.64;9.78;0.0138;12.64
GRK	2;OO;990;13.11;11.21;0.0384;13.11
GRR	1;YX;4100;2.26;-3.4;0.0205;2.26
GRR	2;9E;1874;4.5;-2.33;0.0406;4.5
GRR	3;DL;5708;5.32;-2.75;0.0095;5.32
GRR	4;UA;2826;5.94;2.82;0.0106;5.94
GRR	5;G4;4334;8.64;2.51;0.0134;8.64
GRR	6;WN;3922;9.15;5.41;0.0051;9.15
GRR	7;OO;4230;14.84;11.0;0.0189;14.84
GRR	8;MQ;1486;15.32;13.81;0.0175;15.32
GRR	9;OH;1440;15.49;15.19;0.0278;15.49
GRR	10;AA;5052;19.79;15.51;0.0123;19.79
GRR	11;F9;1502;25.95;19.66;0.0346;25.95
GSO	1;DL;4830;4.65;-3.73;0.0066;4.65
GSO	2;9E;3114;5.09;-2.86;0.0276;5.09
GSO	3;OO;2034;5.81;3.69;0.0059;5.81
GSO	4;YX;3244;5.87;1.69;0.0308;5.87
GSO	5;OH;5088;7.8;6.82;0.0114;7.8
GSO	6;MQ;2658;8.52;5.54;0.006;8.52
GSO	7;AA;2650;26.96;23.19;0.0272;26.96
GSO	8;G4;284;31.27;31.5;0.0282;31.27
GSP	1;DL;5240;4.04;-4.31;0.0092;4.04
GSP	2;YX;4264;4.79;-0.45;0.0253;4.79
GSP	3;OO;1968;6.92;2.68;0.0132;6.92
GSP	4;WN;2994;7.27;0.34;0.0047;7.27
GSP	5;9E;2766;7.47;-0.08;0.0217;7.47
GSP	6;UA;934;7.7;2.97;0.015;7.7
GSP	7;OH;7804;8.82;6.78;0.01;8.82
GSP	8;MQ;3328;10.19;8.34;0.009;10.19
GSP	9;AA;2688;26.33;19.51;0.0246;26.33
GSP	10;G4;658;28.83;25.15;0.0304;28.83
GST	1;AS;180;2.4;-0.36;0.0667;2.4
GTF	1;OO;4012;3.72;-1.43;0.005;3.72
GTF	2;UA;512;7.93;-2.7;0.0234;7.93
GTF	3;G4;348;39.31;38.39;0.0057;39.31
GTR	1;9E;1464;2.36;-3.88;0.0109;2.36
GUC	1;OO;1450;7.22;-1.62;0.011;7.22
GUC	2;AA;248;35.58;35.98;0.0161;35.58
GUM	1;UA;1464;1.07;-9.86;0.0082;1.07
HDN	1;MQ;48;8.42;6.92;0.0;8.42
HDN	2;WN;1218;9.31;4.02;0.0099;9.31
HDN	3;OO;1796;11.35;3.67;0.0111;11.35
HDN	4;UA;1212;11.68;4.13;0.0132;11.68
HDN	5;DL;268;12.64;7.66;0.0;12.64
HDN	6;AA;370;47.71;48.92;0.0054;47.71
HDN	7;B6;120;104.0;103.37;0.0167;104.0
HGR	1;G4;592;35.12;32.46;0.0304;35.12
HHH	1;MQ;2214;9.96;7.9;0.019;9.96
HHH	2;YX;1534;17.13;12.12;0.0274;17.13
HIB	1;OO;1258;8.5;2.19;0.0111;8.5
HLN	1;OO;3114;11.54;7.34;0.0058;11.54
HNL	1;WN;29165;2.42;-3.82;0.0037;2.42
HNL	2;HA;63212;5.38;4.45;0.0106;5.38
HNL	3;AA;4516;5.88;-6.19;0.0004;5.88
HNL	4;DL;7370;8.86;-2.84;0.0068;8.86
HNL	5;UA;10078;10.75;-1.48;0.0113;10.75
HNL	6;AS;8754;12.04;4.28;0.0265;12.04
HOB	1;OO;888;24.11;16.86;0.0135;24.11
HOU	1;MQ;3580;12.35;8.67;0.0408;12.35
HOU	2;WN;104882;12.98;4.81;0.0109;12.98
HOU	3;OO;742;13.45;13.26;0.0108;13.45
HOU	4;DL;3200;13.97;8.76;0.01;13.97
HOU	5;F9;716;22.58;16.71;0.0475;22.58
HOU	6;G4;692;35.44;33.77;0.0173;35.44
HOU	7;OH;304;37.82;33.08;0.0724;37.82
HPN	1;YX;118;7.47;1.05;0.0;7.47
HPN	2;MQ;2416;9.21;3.24;0.0182;9.21
HPN	3;B6;10576;9.45;3.58;0.0144;9.45
HPN	4;9E;1912;10.76;1.15;0.0146;10.76
HPN	5;DL;1958;13.85;2.32;0.0092;13.85
HPN	6;OH;5592;16.61;13.65;0.0243;16.61
HPN	7;OO;2092;30.44;23.08;0.021;30.44
HRL	1;OO;500;2.71;0.11;0.016;2.71
HRL	2;DL;416;3.18;-7.45;0.0048;3.18
HRL	3;MQ;3162;7.06;5.07;0.0152;7.06
HRL	4;WN;4532;9.29;5.78;0.0057;9.29
HSV	1;YX;458;1.74;0.41;0.0175;1.74
HSV	2;DL;3916;3.81;-4.27;0.0107;3.81
HSV	3;9E;1180;7.4;2.61;0.0153;7.4
HSV	4;OO;3440;15.01;10.93;0.0093;15.01
HSV	5;MQ;3680;16.2;12.15;0.0163;16.2
HSV	6;OH;5092;18.34;16.23;0.0208;18.34
HSV	7;AA;26;23.15;15.38;0.0;23.15
HTS	1;G4;852;42.79;41.86;0.0329;42.79
HYA	1;YX;330;12.65;18.6;0.0121;12.65
HYA	2;B6;208;50.3;54.45;0.0673;50.3
HYS	1;OO;1340;11.01;4.13;0.0194;11.01
IAD	1;MQ;52;3.96;8.24;0.0385;3.96
IAD	2;9E;776;4.14;-5.31;0.0026;4.14
IAD	3;YX;16434;4.2;-1.43;0.0131;4.2
IAD	4;UA;64498;9.94;3.46;0.0147;9.94
IAD	5;AS;4200;10.7;5.51;0.0152;10.7
IAD	6;WN;2278;11.23;2.62;0.0026;11.23
IAD	7;DL;6450;11.92;0.93;0.0074;11.92
IAD	8;OH;3314;13.3;5.48;0.0109;13.3
IAD	9;F9;200;18.2;15.76;0.0;18.2
IAD	10;AA;1482;19.09;9.54;0.0162;19.09
IAD	11;OO;5408;19.34;14.02;0.0141;19.34
IAD	12;G4;690;34.67;26.79;0.0174;34.67
IAG	1;G4;766;23.66;18.14;0.0209;23.66
IAH	1;AS;1766;9.09;4.78;0.0238;9.09
IAH	2;OH;76;11.61;8.97;0.0;11.61
IAH	3;WN;5752;13.38;7.92;0.0163;13.38
IAH	4;DL;16056;13.6;5.79;0.0112;13.6
IAH	5;MQ;2926;14.74;7.92;0.0328;14.74
IAH	6;NK;19584;16.34;9.81;0.0217;16.34
IAH	7;UA;137094;17.33;12.02;0.0185;17.33
IAH	8;OO;26030;18.43;13.62;0.0266;18.43
IAH	9;AA;14172;24.5;19.73;0.0279;24.5
IAH	10;B6;1472;26.54;20.72;0.0217;26.54
IAH	11;F9;6842;29.35;28.27;0.0313;29.35
IAH	12;YX;110;40.95;34.69;0.0;40.95
ICT	1;WN;3546;2.31;-4.7;0.0023;2.31
ICT	2;UA;1174;2.42;6.14;0.0085;2.42
ICT	3;9E;336;5.37;1.93;0.0;5.37
ICT	4;DL;1768;7.42;0.55;0.0113;7.42
ICT	5;MQ;4760;9.86;6.11;0.0172;9.86
ICT	6;G4;730;12.0;5.01;0.0082;12.0
ICT	7;OO;6486;13.67;9.11;0.0105;13.67
ICT	8;OH;632;21.75;22.87;0.0063;21.75
ICT	9;AA;1120;29.01;26.81;0.0286;29.01
IDA	1;DL;192;7.39;9.92;0.0;7.39
IDA	2;OO;5684;8.05;1.71;0.0053;8.05
IDA	3;G4;984;29.22;27.49;0.0041;29.22
ILM	1;YX;2708;6.09;4.86;0.0222;6.09
ILM	2;OO;78;6.54;0.92;0.0;6.54
ILM	3;9E;2624;7.17;1.54;0.0213;7.17
ILM	4;MQ;2192;7.48;3.78;0.0082;7.48
ILM	5;OH;3994;10.41;8.83;0.0155;10.41
ILM	6;DL;1566;11.1;4.01;0.014;11.1
ILM	7;AA;2976;17.8;12.37;0.0215;17.8
IMT	1;OO;1458;14.52;9.35;0.0123;14.52
IND	1;YX;25454;1.96;-2.6;0.0121;1.96
IND	2;9E;4832;6.83;-1.08;0.0228;6.83
IND	3;DL;8990;8.28;1.48;0.0065;8.28
IND	4;MQ;2126;8.57;3.78;0.0188;8.57
IND	5;UA;4736;9.0;4.07;0.0186;9.0
IND	6;OH;590;9.48;6.24;0.0102;9.48
IND	7;AS;1078;9.95;6.21;0.0204;9.95
IND	8;WN;22710;11.14;4.12;0.0093;11.14
IND	9;NK;4640;15.28;8.07;0.0263;15.28
IND	10;OO;2296;15.34;9.97;0.0148;15.34
IND	11;G4;2956;15.66;13.19;0.021;15.66
IND	12;AA;13406;15.84;11.66;0.0121;15.84
IND	13;F9;1702;20.61;15.81;0.0235;20.61
INL	1;OO;1306;13.87;7.16;0.0123;13.87
ISP	1;WN;5694;12.75;3.18;0.0102;12.75
ISP	2;B6;296;15.31;11.84;0.0;15.31
ISP	3;F9;3564;18.68;7.87;0.0354;18.68
ITH	1;YX;166;6.26;-6.88;0.0361;6.26
ITH	2;9E;1454;8.04;-3.83;0.0289;8.04
ITO	1;WN;3658;-2.45;-5.26;0.0038;-2.45
ITO	2;HA;9856;3.84;3.98;0.0108;3.84
JAC	1;AS;166;3.08;4.05;0.0602;3.08
JAC	2;OO;2300;10.09;3.85;0.0157;10.09
JAC	3;DL;2606;16.41;7.75;0.0084;16.41
JAC	4;UA;4072;16.59;10.85;0.0192;16.59
JAC	5;AA;2106;53.08;48.89;0.0114;53.08
JAN	1;DL;4006;3.95;-2.39;0.006;3.95
JAN	2;9E;496;5.64;3.44;0.004;5.64
JAN	3;WN;3510;11.15;5.77;0.008;11.15
JAN	4;OO;896;15.54;12.63;0.0089;15.54
JAN	5;MQ;2160;17.18;13.72;0.0213;17.18
JAN	6;OH;2666;18.62;15.88;0.024;18.62
JAX	1;OO;326;6.73;3.03;0.0245;6.73
JAX	2;YX;3344;6.75;1.32;0.0173;6.75
JAX	3;9E;1818;7.64;-0.2;0.0275;7.64
JAX	4;WN;9516;8.56;2.71;0.0099;8.56
JAX	5;MQ;2360;9.69;7.31;0.0136;9.69
JAX	6;UA;7610;9.97;5.65;0.0142;9.97
JAX	7;DL;11672;10.99;5.43;0.0113;10.99
JAX	8;F9;1820;14.93;12.43;0.0286;14.93
JAX	9;G4;1456;15.54;12.19;0.0137;15.54
JAX	10;OH;2104;15.62;12.19;0.0143;15.62
JAX	11;AA;14738;17.88;15.51;0.0189;17.88
JAX	12;B6;3672;19.39;15.04;0.0207;19.39
JFK	1;YX;34476;4.31;-2.42;0.0215;4.31
JFK	2;AS;7574;7.85;-0.22;0.0301;7.85
JFK	3;9E;34266;8.11;1.1;0.0345;8.11
JFK	4;HA;736;11.14;8.33;0.0109;11.14
JFK	5;AA;29008;11.68;0.72;0.0113;11.68
JFK	6;DL;60888;12.91;1.92;0.0094;12.91
JFK	7;F9;1656;16.7;11.2;0.0109;16.7
JFK	8;B6;72229;18.97;10.7;0.0186;18.97
JFK	9;OO;5862;21.89;14.08;0.029;21.89
JLN	1;OO;1254;18.15;10.96;0.0191;18.15
JMS	1;OO;1230;15.9;12.21;0.0569;15.9
JNU	1;AS;9174;1.49;0.6;0.0187;1.49
JNU	2;DL;302;10.27;2.87;0.0;10.27
JST	1;OO;1462;19.53;12.38;0.0233;19.53
KOA	1;WN;6804;-1.07;-6.48;0.0047;-1.07
KOA	2;HA;15560;3.25;2.78;0.0082;3.25
KOA	3;DL;1464;6.05;-4.54;0.0205;6.05
KOA	4;AS;4104;8.88;1.68;0.0307;8.88
KOA	5;UA;3220;9.74;-1.48;0.0161;9.74
KOA	6;AA;1502;17.8;8.13;0.0;17.8
KTN	1;AS;4842;0.55;-2.56;0.0182;0.55
KTN	2;OO;188;29.11;32.22;0.0213;29.11
LAN	1;9E;292;6.64;0.34;0.0205;6.64
LAN	2;OO;1716;17.4;14.02;0.007;17.4
LAN	3;OH;588;17.98;17.65;0.0306;17.98
LAR	1;OO;1254;10.23;8.04;0.0367;10.23
LAS	1;G4;15078;8.16;3.23;0.006;8.16
LAS	2;DL;32526;8.47;0.56;0.0073;8.47
LAS	3;UA;28612;9.35;3.12;0.0171;9.35
LAS	4;NK;52494;10.38;4.61;0.0116;10.38
LAS	5;AS;10872;10.59;8.95;0.0221;10.59
LAS	6;WN;171324;13.79;5.82;0.0052;13.79
LAS	7;F9;26182;14.76;11.19;0.0141;14.76
LAS	8;OO;4472;15.05;17.38;0.0152;15.05
LAS	9;B6;6024;19.28;9.45;0.0076;19.28
LAS	10;AA;28044;19.56;12.25;0.0106;19.56
LAS	11;HA;2824;19.71;17.75;0.0028;19.71
LAS	12;MQ;52;66.96;60.15;0.0;66.96
LAW	1;OO;1870;13.08;10.73;0.0353;13.08
LAW	2;MQ;302;16.71;9.8;0.0265;16.71
LAX	1;AS;18562;5.27;1.47;0.0187;5.27
LAX	2;OO;76820;6.14;4.01;0.0036;6.14
LAX	3;UA;54732;8.37;0.42;0.0171;8.37
LAX	4;B6;18392;9.2;1.27;0.0034;9.2
LAX	5;DL;72688;9.61;3.2;0.0067;9.61
LAX	6;NK;22934;10.04;2.52;0.0116;10.04
LAX	7;G4;2076;11.07;7.23;0.0077;11.07
LAX	8;WN;51736;11.52;4.36;0.0044;11.52
LAX	9;MQ;110;13.04;10.36;0.0;13.04
LAX	10;HA;4648;13.8;10.56;0.0125;13.8
LAX	11;AA;60807;17.04;9.72;0.0066;17.04
LAX	12;F9;4600;28.5;28.55;0.0187;28.5
LBB	1;WN;5274;6.55;-0.74;0.008;6.55
LBB	2;OO;2364;10.92;8.78;0.0203;10.92
LBB	3;MQ;3892;11.29;9.15;0.019;11.29
LBB	4;AA;850;29.84;28.48;0.0259;29.84
LBE	1;NK;1152;4.98;-4.2;0.0243;4.98
LBF	1;OO;1256;7.5;7.15;0.0191;7.5
LBL	1;OO;1132;10.41;6.76;0.0353;10.41
LCH	1;OO;2020;19.87;16.52;0.0228;19.87
LCH	2;MQ;152;37.92;38.33;0.0526;37.92
LCK	1;G4;1916;16.6;13.53;0.0251;16.6
LEX	1;YX;1512;2.5;0.42;0.0079;2.5
LEX	2;9E;430;4.83;-1.7;0.0;4.83
LEX	3;DL;3692;5.89;-5.75;0.0114;5.89
LEX	4;MQ;2036;8.85;2.27;0.0147;8.85
LEX	5;OO;3772;9.84;4.07;0.0095;9.84
LEX	6;OH;3038;11.43;6.89;0.0099;11.43
LEX	7;G4;1660;24.13;22.42;0.0229;24.13
LEX	8;AA;2136;27.12;25.55;0.0253;27.12
LFT	1;9E;1604;6.12;0.73;0.0125;6.12
LFT	2;MQ;830;13.94;9.82;0.012;13.94
LFT	3;OO;1898;14.75;8.44;0.0148;14.75
LFT	4;OH;2176;25.12;23.27;0.0349;25.12
LFT	5;NK;2;73.0;59.0;0.0;73.0
LGA	1;YX;84030;3.0;-4.53;0.0231;3.0
LGA	2;9E;64128;7.23;-3.04;0.035;7.23
LGA	3;UA;16620;9.6;2.05;0.0206;9.6
LGA	4;NK;16208;13.06;2.87;0.0244;13.06
LGA	5;DL;54878;14.05;3.88;0.0139;14.05
LGA	6;WN;23252;15.08;2.47;0.0175;15.08
LGA	7;AA;33341;16.48;8.67;0.023;16.48
LGA	8;B6;19144;18.69;10.41;0.0218;18.69
LGA	9;OO;8258;21.32;14.5;0.0281;21.32
LGA	10;F9;5004;30.59;23.35;0.036;30.59
LGB	1;HA;1326;1.25;-4.61;0.006;1.25
LGB	2;OO;1280;4.68;-1.0;0.0;4.68
LGB	3;WN;31818;7.56;0.61;0.0053;7.56
LGB	4;DL;876;14.31;6.52;0.0068;14.31
LIH	1;WN;6684;-0.18;-6.91;0.0012;-0.18
LIH	2;DL;1464;1.4;-10.9;0.015;1.4
LIH	3;HA;17538;3.17;2.14;0.0132;3.17
LIH	4;UA;2500;3.39;-7.22;0.0048;3.39
LIH	5;AA;1502;11.01;0.57;0.0;11.01
LIH	6;AS;2226;12.9;5.61;0.0099;12.9
LIT	1;DL;4062;4.02;-3.27;0.0064;4.02
LIT	2;YX;930;4.83;1.13;0.0129;4.83
LIT	3;WN;5138;7.68;0.48;0.0027;7.68
LIT	4;F9;224;7.74;6.11;0.0179;7.74
LIT	5;OO;3858;12.02;9.31;0.015;12.02
LIT	6;9E;570;12.28;8.2;0.014;12.28
LIT	7;MQ;7250;14.42;12.78;0.0108;14.42
LIT	8;OH;1524;27.87;22.55;0.0197;27.87
LIT	9;AA;1520;29.65;28.62;0.0184;29.65
LIT	10;G4;238;35.58;31.75;0.0084;35.58
LNK	1;YX;74;9.75;4.39;0.027;9.75
LNK	2;OO;3652;13.33;7.44;0.0066;13.33
LRD	1;OO;130;8.92;8.54;0.0;8.92
LRD	2;MQ;3192;13.09;11.51;0.0163;13.09
LRD	3;G4;268;23.14;19.75;0.0149;23.14
LSE	1;MQ;664;10.26;7.27;0.0181;10.26
LWS	1;OO;2194;11.28;7.25;0.0055;11.28
MAF	1;UA;98;-1.27;-0.12;0.0204;-1.27
MAF	2;WN;7350;8.41;3.36;0.0101;8.41
MAF	3;OO;6398;9.9;5.96;0.0113;9.9
MAF	4;MQ;5116;11.81;9.58;0.0203;11.81
MBS	1;9E;192;-1.47;-4.93;0.0;-1.47
MBS	2;OO;4228;14.68;10.77;0.0147;14.68
MCI	1;AS;1550;-0.05;-1.75;0.0103;-0.05
MCI	2;DL;14162;4.75;-1.85;0.0075;4.75
MCI	3;UA;7414;4.81;1.78;0.014;4.81
MCI	4;YX;3444;4.88;1.9;0.018;4.88
MCI	5;MQ;2454;6.7;2.45;0.013;6.7
MCI	6;WN;48196;9.6;3.46;0.0089;9.6
MCI	7;OO;2242;10.91;7.88;0.0178;10.91
MCI	8;F9;774;11.92;11.61;0.0103;11.92
MCI	9;9E;2482;12.5;6.47;0.0419;12.5
MCI	10;G4;448;13.94;11.46;0.0223;13.94
MCI	11;NK;3630;15.01;6.68;0.0231;15.01
MCI	12;AA;11620;17.04;15.23;0.0138;17.04
MCI	13;OH;994;24.36;19.87;0.0262;24.36
MCI	14;B6;328;29.03;28.44;0.0061;29.03
MCO	1;UA;27680;13.56;7.5;0.0281;13.56
MCO	2;F9;35832;13.71;9.32;0.0219;13.71
MCO	3;NK;45846;14.9;9.71;0.0179;14.9
MCO	4;WN;89736;15.06;9.34;0.0146;15.06
MCO	5;DL;43534;15.77;10.15;0.0149;15.77
MCO	6;AS;5282;16.19;13.24;0.0386;16.19
MCO	7;AA;36066;18.86;14.91;0.0191;18.86
MCO	8;B6;34670;20.5;14.48;0.0165;20.5
MCO	9;G4;460;30.67;29.21;0.0261;30.67
MCW	1;OO;1254;24.73;21.26;0.0367;24.73
MDT	1;YX;566;-1.96;-12.39;0.0106;-1.96
MDT	2;UA;804;7.13;4.28;0.01;7.13
MDT	3;DL;1542;7.56;-2.88;0.0078;7.56
MDT	4;9E;578;8.8;-2.31;0.0104;8.8
MDT	5;OH;1312;12.05;7.83;0.0076;12.05
MDT	6;OO;1844;13.79;7.77;0.0108;13.79
MDT	7;G4;1814;17.67;11.48;0.0187;17.67
MDT	8;AA;2114;21.04;16.88;0.0114;21.04
MDT	9;F9;160;26.78;20.01;0.025;26.78
MDW	1;DL;3088;9.34;1.2;0.0078;9.34
MDW	2;WN;143670;12.48;5.71;0.0112;12.48
MDW	3;OO;3964;14.05;9.98;0.0071;14.05
MDW	4;F9;7656;20.71;14.6;0.0243;20.71
MDW	5;G4;888;21.03;17.78;0.018;21.03
MEI	1;OO;1254;13.18;10.77;0.0303;13.18
MEM	1;DL;8858;5.6;-1.82;0.0113;5.6
MEM	2;YX;6040;5.98;-0.17;0.0152;5.98
MEM	3;9E;2128;6.86;0.3;0.0263;6.86
MEM	4;UA;3052;7.21;3.26;0.0157;7.21
MEM	5;MQ;3174;7.86;2.86;0.0101;7.86
MEM	6;WN;7114;12.33;5.92;0.0065;12.33
MEM	7;OH;1512;12.71;7.7;0.0093;12.71
MEM	8;NK;1880;13.24;2.64;0.016;13.24
MEM	9;OO;1524;14.64;10.14;0.021;14.64
MEM	10;F9;342;15.35;14.0;0.0058;15.35
MEM	11;AA;8622;19.14;15.69;0.0172;19.14
MEM	12;G4;1002;21.69;15.9;0.012;21.69
MFE	1;UA;1128;3.44;-1.96;0.0355;3.44
MFE	2;MQ;1558;9.45;8.68;0.0167;9.45
MFE	3;G4;976;13.18;6.82;0.0061;13.18
MFE	4;OO;2074;17.23;15.26;0.0087;17.23
MFE	5;AA;3632;20.79;19.04;0.0226;20.79
MFR	1;OO;5714;7.55;2.87;0.0095;7.55
MFR	2;UA;2382;13.63;6.61;0.0101;13.63
MFR	3;G4;642;29.66;27.14;0.0187;29.66
MGM	1;MQ;1154;7.69;2.12;0.0052;7.69
MGM	2;9E;1844;10.26;4.89;0.0065;10.26
MGM	3;OO;1260;20.93;15.28;0.0127;20.93
MGM	4;OH;996;22.62;20.2;0.0442;22.62
MGW	1;OO;74;72.62;69.05;0.0;72.62
MHK	1;OO;4;3.0;-13.5;0.0;3.0
MHK	2;MQ;1958;7.31;-3.4;0.0163;7.31
MHT	1;YX;132;0.68;-1.38;0.0152;0.68
MHT	2;MQ;590;2.59;0.79;0.0068;2.59
MHT	3;WN;5434;7.26;-1.09;0.0048;7.26
MHT	4;OH;4648;12.88;7.36;0.0176;12.88
MHT	5;AA;242;24.55;18.3;0.0;24.55
MHT	6;NK;254;26.32;14.31;0.0394;26.32
MIA	1;MQ;28030;7.48;4.85;0.0148;7.48
MIA	2;YX;1238;11.46;4.18;0.0194;11.46
MIA	3;NK;11262;12.61;7.47;0.0181;12.61
MIA	4;AS;1068;14.27;11.38;0.0543;14.27
MIA	5;WN;11480;15.83;12.15;0.0143;15.83
MIA	6;UA;12786;17.6;12.92;0.028;17.6
MIA	7;F9;7592;18.87;15.85;0.025;18.87
MIA	8;DL;22832;19.62;13.47;0.0114;19.62
MIA	9;AA;119767;23.54;17.35;0.0167;23.54
MIA	10;B6;3802;26.15;22.29;0.0221;26.15
MIA	11;9E;30;29.53;35.53;0.0;29.53
MKE	1;MQ;114;0.75;-2.36;0.0351;0.75
MKE	2;AS;944;1.64;-3.41;0.0085;1.64
MKE	3;YX;3708;6.39;-0.02;0.0264;6.39
MKE	4;DL;8682;6.92;0.38;0.0092;6.92
MKE	5;NK;1556;7.94;0.08;0.0219;7.94
MKE	6;WN;19266;7.95;1.08;0.0101;7.95
MKE	7;UA;1336;11.14;4.55;0.012;11.14
MKE	8;OO;10408;13.55;8.62;0.0163;13.55
MKE	9;F9;1060;14.06;6.52;0.0151;14.06
MKE	10;OH;1994;14.08;14.04;0.0181;14.08
MKE	11;9E;1812;14.12;7.79;0.0243;14.12
MKE	12;B6;1072;16.52;11.59;0.0112;16.52
MKE	13;AA;5436;24.36;20.12;0.0169;24.36
MLB	1;DL;2784;3.6;-2.35;0.0101;3.6
MLB	2;G4;524;6.97;0.57;0.0229;6.97
MLB	3;OH;2318;8.72;6.94;0.0198;8.72
MLI	1;9E;1456;8.38;2.47;0.0206;8.38
MLI	2;MQ;1580;11.44;3.06;0.0215;11.44
MLI	3;OH;1442;12.54;10.29;0.0194;12.54
MLI	4;G4;932;16.02;9.62;0.0107;16.02
MLI	5;OO;3154;16.83;13.88;0.0216;16.83
MLU	1;9E;1738;10.67;7.12;0.0081;10.67
MLU	2;OO;422;12.02;12.08;0.0095;12.02
MLU	3;MQ;1888;12.65;8.76;0.018;12.65
MOB	1;DL;1144;4.06;-2.1;0.014;4.06
MOB	2;9E;1540;4.39;-0.21;0.0091;4.39
MOB	3;MQ;2090;9.71;7.21;0.0191;9.71
MOB	4;OO;384;24.41;19.14;0.0;24.41
MOB	5;OH;50;135.13;130.09;0.08;135.13
MOT	1;G4;752;14.34;6.94;0.0106;14.34
MOT	2;OO;4000;14.59;10.08;0.0155;14.59
MQT	1;9E;242;-1.82;-14.26;0.0248;-1.82
MQT	2;OO;490;8.24;3.29;0.0163;8.24
MQT	3;MQ;962;15.77;11.52;0.0042;15.77
MRY	1;MQ;954;4.87;2.0;0.0042;4.87
MRY	2;OO;6912;7.83;5.81;0.0087;7.83
MRY	3;AA;1298;28.1;24.77;0.0139;28.1
MRY	4;G4;212;50.32;51.11;0.0094;50.32
MSN	1;YX;2424;1.84;-3.19;0.0099;1.84
MSN	2;DL;3848;5.41;-2.47;0.0104;5.41
MSN	3;9E;1508;6.23;-0.3;0.0225;6.23
MSN	4;UA;3046;7.74;5.48;0.0131;7.74
MSN	5;OH;2182;11.99;10.69;0.0101;11.99
MSN	6;MQ;1342;12.05;12.29;0.0194;12.05
MSN	7;OO;4458;14.08;10.93;0.0148;14.08
MSN	8;F9;624;15.0;11.18;0.0192;15.0
MSN	9;AA;4146;28.28;24.14;0.0121;28.28
MSO	1;OO;2278;7.12;4.19;0.0079;7.12
MSO	2;DL;1462;8.28;3.87;0.0109;8.28
MSO	3;MQ;696;11.4;9.39;0.0086;11.4
MSO	4;UA;2082;12.65;5.57;0.0183;12.65
MSO	5;F9;234;13.42;15.24;0.0256;13.42
MSO	6;AS;498;15.09;5.7;0.0;15.09
MSO	7;AA;464;17.08;11.29;0.0043;17.08
MSO	8;G4;626;30.64;29.4;0.0192;30.64
MSP	1;9E;15110;6.91;3.14;0.0081;6.91
MSP	2;AS;2100;7.57;1.81;0.0143;7.57
MSP	3;YX;2416;7.83;3.64;0.0174;7.83
MSP	4;UA;10820;8.51;3.89;0.0137;8.51
MSP	5;DL;138804;8.83;2.01;0.0083;8.83
MSP	6;WN;14594;9.2;1.65;0.007;9.2
MSP	7;MQ;1796;10.35;8.88;0.0078;10.35
MSP	8;OO;50268;12.62;7.44;0.0074;12.62
MSP	9;NK;2362;13.93;10.95;0.011;13.93
MSP	10;G4;542;15.95;5.17;0.0037;15.95
MSP	11;AA;9396;16.07;10.31;0.0136;16.07
MSP	12;F9;3352;19.34;16.0;0.0197;19.34
MSP	13;OH;1350;23.21;22.22;0.0237;23.21
MSP	14;B6;648;35.07;30.57;0.0154;35.07
MSY	1;9E;4;-7.0;-27.5;0.0;-7.0
MSY	2;MQ;2150;9.18;6.45;0.0167;9.18
MSY	3;YX;1210;9.6;4.48;0.0066;9.6
MSY	4;UA;13050;10.05;4.59;0.0215;10.05
MSY	5;AS;1404;10.45;5.63;0.0071;10.45
MSY	6;DL;14486;11.26;4.0;0.0095;11.26
MSY	7;OO;644;11.9;6.99;0.0342;11.9
MSY	8;WN;37506;13.39;8.51;0.0099;13.39
MSY	9;NK;10458;13.81;7.43;0.021;13.81
MSY	10;OH;1318;15.3;8.06;0.0228;15.3
MSY	11;F9;1710;20.79;17.8;0.0409;20.79
MSY	12;AA;13518;21.78;19.18;0.016;21.78
MSY	13;B6;2708;26.05;19.19;0.0177;26.05
MSY	14;G4;180;32.19;28.58;0.0111;32.19
MTJ	1;DL;206;5.43;-0.68;0.0;5.43
MTJ	2;UA;1694;8.6;-0.72;0.013;8.6
MTJ	3;WN;1246;10.76;4.17;0.0016;10.76
MTJ	4;OO;1434;11.94;5.97;0.0167;11.94
MTJ	5;MQ;124;16.08;16.45;0.0323;16.08
MTJ	6;AA;1008;22.88;20.85;0.002;22.88
MVY	1;YX;1072;15.53;15.09;0.0429;15.53
MVY	2;B6;1034;21.63;20.77;0.0561;21.63
MVY	3;MQ;44;98.14;103.64;0.0;98.14
MYR	1;OO;64;-0.91;-7.75;0.0;-0.91
MYR	2;DL;4084;2.42;-3.98;0.0103;2.42
MYR	3;9E;1094;6.76;-1.77;0.0238;6.76
MYR	4;WN;4712;8.05;1.71;0.0064;8.05
MYR	5;YX;1232;8.35;0.77;0.0373;8.35
MYR	6;MQ;770;9.56;5.63;0.0104;9.56
MYR	7;UA;564;9.86;0.4;0.0142;9.86
MYR	8;NK;9574;9.94;4.85;0.0255;9.94
MYR	9;OH;4502;10.98;7.06;0.0182;10.98
MYR	10;AA;2338;14.23;11.1;0.0197;14.23
MYR	11;G4;2258;18.92;17.61;0.0301;18.92
MYR	12;F9;828;22.28;20.27;0.0628;22.28
OAJ	1;DL;608;3.37;-2.2;0.0132;3.37
OAJ	2;9E;1096;7.9;0.57;0.0;7.9
OAJ	3;OH;1890;14.52;11.75;0.018;14.52
OAK	1;HA;2020;-1.22;-2.9;0.0198;-1.22
OAK	2;OO;2700;2.11;-1.7;0.003;2.11
OAK	3;G4;312;2.67;2.9;0.0128;2.67
OAK	4;AS;1452;4.34;-2.57;0.0234;4.34
OAK	5;DL;1134;5.2;-3.85;0.0141;5.2
OAK	6;NK;5726;9.1;4.94;0.0192;9.1
OAK	7;WN;69394;9.19;2.12;0.0052;9.19
OGG	1;WN;13368;0.09;-6.04;0.0051;0.09
OGG	2;UA;3736;3.84;-8.26;0.0102;3.84
OGG	3;HA;27176;4.15;2.61;0.0093;4.15
OGG	4;AA;2520;8.35;-1.36;0.004;8.35
OGG	5;DL;2042;8.38;-3.74;0.0118;8.38
OGG	6;AS;4244;9.26;2.23;0.0358;9.26
OKC	1;DL;3448;2.45;-5.63;0.0087;2.45
OKC	2;AS;694;4.67;5.33;0.0231;4.67
OKC	3;YX;1912;6.23;1.8;0.0157;6.23
OKC	4;F9;928;6.64;0.58;0.0151;6.64
OKC	5;MQ;4256;7.73;4.22;0.0188;7.73
OKC	6;WN;14564;7.86;2.42;0.006;7.86
OKC	7;OO;13380;8.77;5.13;0.0064;8.77
OKC	8;G4;308;13.93;11.84;0.0065;13.93
OKC	9;UA;60;16.13;17.83;0.0;16.13
OKC	10;AA;5416;18.15;16.37;0.0185;18.15
OKC	11;OH;614;25.43;22.18;0.0195;25.43
OKC	12;9E;8;36.75;39.0;0.0;36.75
OMA	1;YX;2090;3.84;0.49;0.0144;3.84
OMA	2;AS;940;5.56;2.83;0.0149;5.56
OMA	3;MQ;1094;6.29;3.21;0.0128;6.29
OMA	4;DL;3804;7.58;-1.24;0.01;7.58
OMA	5;9E;994;9.7;5.01;0.0302;9.7
OMA	6;UA;5780;10.19;7.98;0.0159;10.19
OMA	7;WN;15708;10.86;3.97;0.0103;10.86
OMA	8;OO;8616;11.09;7.18;0.0084;11.09
OMA	9;G4;1112;14.28;9.92;0.0216;14.28
OMA	10;AA;6340;17.3;12.79;0.0129;17.3
OMA	11;OH;182;20.84;20.02;0.011;20.84
OMA	12;F9;872;23.54;23.1;0.0183;23.54
OME	1;AS;730;-0.93;3.36;0.0356;-0.93
ONT	1;MQ;132;-4.27;-8.71;0.0;-4.27
ONT	2;AS;2828;3.72;0.38;0.024;3.72
ONT	3;DL;3680;4.46;-5.87;0.0092;4.46
ONT	4;OO;5418;5.43;2.67;0.0041;5.43
ONT	5;UA;2874;6.5;-1.5;0.0084;6.5
ONT	6;WN;22200;7.61;0.14;0.0035;7.61
ONT	7;HA;736;7.9;6.31;0.0054;7.9
ONT	8;F9;7010;14.67;12.3;0.0203;14.67
ONT	9;B6;600;15.11;5.06;0.02;15.11
ONT	10;AA;6872;15.37;9.29;0.0116;15.37
ORD	1;YX;34204;4.57;-1.7;0.0094;4.57
ORD	2;WN;13586;10.27;2.93;0.0159;10.27
ORD	3;MQ;67774;10.92;7.44;0.0117;10.92
ORD	4;9E;158;11.64;10.86;0.0127;11.64
ORD	5;AS;6320;13.28;8.31;0.0146;13.28
ORD	6;UA;179660;13.5;7.12;0.0132;13.5
ORD	7;DL;21988;15.16;8.03;0.0112;15.16
ORD	8;OO;107614;16.95;12.38;0.0174;16.95
ORD	9;NK;17000;21.48;13.4;0.0179;21.48
ORD	10;AA;103990;21.52;16.93;0.011;21.52
ORD	11;B6;2490;24.26;19.29;0.0177;24.26
ORD	12;F9;5320;28.19;28.95;0.0301;28.19
ORF	1;YX;5604;5.07;1.64;0.0243;5.07
ORF	2;UA;4660;8.4;3.2;0.021;8.4
ORF	3;MQ;840;8.85;4.32;0.0071;8.85
ORF	4;OH;6216;9.63;6.16;0.0109;9.63
ORF	5;WN;6310;11.04;4.25;0.0035;11.04
ORF	6;9E;4394;12.16;6.56;0.0273;12.16
ORF	7;DL;4886;13.12;6.36;0.0102;13.12
ORF	8;AA;5762;21.75;15.67;0.0201;21.75
ORF	9;NK;1904;22.39;13.75;0.0305;22.39
ORF	10;G4;454;24.56;23.42;0.0352;24.56
ORF	11;OO;696;24.75;20.76;0.0057;24.75
ORF	12;F9;514;29.59;30.85;0.0467;29.59
ORH	1;YX;720;-0.46;-6.27;0.05;-0.46
ORH	2;9E;598;16.1;10.19;0.0502;16.1
ORH	3;B6;1490;23.84;13.86;0.0188;23.84
OTH	1;OO;690;35.35;29.62;0.0116;35.35
OTZ	1;AS;732;-2.31;-1.22;0.0601;-2.31
PAE	1;AS;2142;2.3;-1.23;0.0299;2.3
PBG	1;G4;1002;27.68;21.82;0.0399;27.68
PBI	1;YX;32;-4.81;-6.88;0.0;-4.81
PBI	2;NK;922;7.67;1.49;0.0174;7.67
PBI	3;WN;5168;10.49;5.32;0.0077;10.49
PBI	4;DL;14196;13.92;8.13;0.0135;13.92
PBI	5;G4;754;16.04;14.2;0.0159;16.04
PBI	6;B6;17132;16.54;10.97;0.0156;16.54
PBI	7;UA;7068;17.03;10.15;0.0328;17.03
PBI	8;AA;12016;22.75;20.01;0.018;22.75
PBI	9;F9;1664;28.49;24.17;0.0325;28.49
PDX	1;MQ;94;-4.36;-10.81;0.0;-4.36
PDX	2;AS;33965;4.89;3.6;0.0208;4.89
PDX	3;OO;21274;5.1;3.84;0.0058;5.1
PDX	4;DL;14342;5.98;-2.53;0.0084;5.98
PDX	5;G4;660;7.75;2.71;0.0;7.75
PDX	6;WN;19130;9.16;2.93;0.0049;9.16
PDX	7;UA;13252;10.18;3.48;0.014;10.18
PDX	8;HA;1472;13.02;9.24;0.0068;13.02
PDX	9;NK;3434;14.42;7.79;0.0204;14.42
PDX	10;F9;3530;17.2;16.56;0.0232;17.2
PDX	11;AA;7588;19.51;12.29;0.0148;19.51
PDX	12;B6;426;44.9;39.26;0.0094;44.9
PGD	1;G4;12674;11.61;8.24;0.0181;11.61
PHL	1;YX;17576;3.07;-1.82;0.0183;3.07
PHL	2;B6;2160;6.01;0.4;0.0167;6.01
PHL	3;9E;300;6.35;-2.3;0.0;6.35
PHL	4;UA;8080;7.92;0.41;0.0124;7.92
PHL	5;AS;1266;10.76;8.5;0.0142;10.76
PHL	6;DL;11908;11.17;1.75;0.0091;11.17
PHL	7;OH;24826;12.91;8.48;0.0144;12.91
PHL	8;WN;10000;14.01;5.89;0.0064;14.01
PHL	9;NK;9820;15.38;5.49;0.0193;15.38
PHL	10;AA;91222;17.88;11.15;0.0167;17.88
PHL	11;F9;23724;20.49;15.43;0.0268;20.49
PHL	12;OO;388;24.52;16.32;0.0103;24.52
PHX	1;AS;10032;4.77;3.86;0.0193;4.77
PHX	2;MQ;16636;4.8;0.27;0.003;4.8
PHX	3;OO;50770;5.08;1.95;0.0023;5.08
PHX	4;HA;732;8.18;5.56;0.0027;8.18
PHX	5;DL;21152;8.58;0.39;0.0068;8.58
PHX	6;UA;20538;8.71;1.69;0.0161;8.71
PHX	7;WN;132702;12.09;5.17;0.0046;12.09
PHX	8;F9;19080;12.96;9.85;0.0119;12.96
PHX	9;AA;110417;13.65;8.32;0.0055;13.65
PHX	10;G4;860;15.6;12.33;0.0093;15.6
PHX	11;NK;2284;18.69;15.44;0.021;18.69
PHX	12;B6;1898;35.93;28.91;0.0116;35.93
PIA	1;G4;2176;8.2;3.89;0.0184;8.2
PIA	2;OH;1882;14.99;13.57;0.0149;14.99
PIA	3;OO;2192;18.21;13.61;0.0192;18.21
PIA	4;MQ;1238;18.33;10.96;0.0129;18.33
PIB	1;OO;1254;13.32;8.14;0.0287;13.32
PIE	1;G4;16606;10.12;7.34;0.0263;10.12
PIH	1;OO;1400;-3.08;-9.15;0.0;-3.08
PIT	1;YX;19324;0.11;-5.6;0.0129;0.11
PIT	2;AS;940;3.77;-3.61;0.0255;3.77
PIT	3;DL;6808;5.57;-1.96;0.0085;5.57
PIT	4;OO;1816;6.55;0.11;0.0033;6.55
PIT	5;MQ;1388;8.04;3.21;0.0115;8.04
PIT	6;B6;2390;8.27;5.48;0.0176;8.27
PIT	7;UA;6074;9.73;4.4;0.0095;9.73
PIT	8;WN;20438;9.89;3.55;0.0094;9.89
PIT	9;G4;2808;10.35;7.01;0.0214;10.35
PIT	10;OH;1392;12.59;7.59;0.0273;12.59
PIT	11;9E;3602;14.18;7.27;0.0272;14.18
PIT	12;AA;12652;16.17;13.14;0.0128;16.17
PIT	13;F9;1074;17.36;22.85;0.041;17.36
PIT	14;NK;6956;19.5;12.06;0.0288;19.5
PLN	1;OO;1692;12.47;5.67;0.0189;12.47
PNS	1;DL;5108;2.67;-2.9;0.0074;2.67
PNS	2;UA;1386;6.23;-0.1;0.0159;6.23
PNS	3;WN;4544;7.0;0.21;0.0035;7.0
PNS	4;MQ;3042;10.64;8.16;0.0138;10.64
PNS	5;NK;1922;15.38;6.81;0.026;15.38
PNS	6;F9;828;15.4;12.08;0.0217;15.4
PNS	7;OH;5270;19.22;17.01;0.0095;19.22
PNS	8;9E;530;22.76;16.84;0.0113;22.76
PNS	9;YX;172;24.81;20.87;0.0233;24.81
PNS	10;OO;354;29.01;26.34;0.0;29.01
PNS	11;AA;3572;34.42;33.43;0.0246;34.42
PPG	1;HA;250;19.99;15.55;0.0;19.99
PQI	1;B6;234;6.64;1.58;0.0085;6.64
PRC	1;OO;1462;23.63;20.51;0.0055;23.63
PSC	1;OO;8298;5.43;0.1;0.0031;5.43
PSC	2;G4;618;7.27;4.03;0.0065;7.27
PSC	3;AS;746;7.44;9.59;0.0214;7.44
PSC	4;DL;804;12.98;3.66;0.005;12.98
PSE	1;B6;1288;7.42;0.96;0.0233;7.42
PSE	2;F9;602;10.06;7.23;0.0199;10.06
PSG	1;AS;1452;-0.65;-2.23;0.0152;-0.65
PSM	1;G4;746;16.72;8.5;0.0214;16.72
PSP	1;AS;3036;3.34;0.91;0.0369;3.34
PSP	2;DL;1324;6.91;-2.23;0.003;6.91
PSP	3;MQ;236;7.34;4.08;0.0254;7.34
PSP	4;WN;5220;7.74;1.82;0.0027;7.74
PSP	5;F9;40;8.0;10.75;0.0;8.0
PSP	6;OO;10876;8.11;6.8;0.0075;8.11
PSP	7;G4;204;9.81;5.96;0.0;9.81
PSP	8;UA;2946;10.35;3.89;0.0048;10.35
PSP	9;AA;3574;14.62;10.63;0.0123;14.62
PSP	10;B6;158;30.13;19.23;0.0127;30.13
PVD	1;YX;2016;2.19;-4.51;0.0079;2.19
PVD	2;UA;268;8.98;6.77;0.0149;8.98
PVD	3;MQ;930;9.82;10.02;0.0043;9.82
PVD	4;B6;3188;9.89;3.13;0.0088;9.89
PVD	5;WN;9776;10.0;1.33;0.0115;10.0
PVD	6;OO;1126;11.41;9.0;0.0053;11.41
PVD	7;9E;1488;12.2;4.15;0.0228;12.2
PVD	8;OH;3286;12.99;10.33;0.0213;12.99
PVD	9;DL;2728;13.84;4.28;0.0103;13.84
PVD	10;AA;4420;16.81;11.77;0.009;16.81
PVD	11;G4;474;21.45;11.83;0.0042;21.45
PVU	1;G4;3756;10.86;7.08;0.0048;10.86
PVU	2;OO;618;23.12;20.92;0.0129;23.12
PWM	1;YX;7162;5.71;-1.23;0.0226;5.71
PWM	2;MQ;602;6.32;4.64;0.0066;6.32
PWM	3;UA;1654;6.95;3.93;0.0193;6.95
PWM	4;DL;1498;11.97;3.92;0.012;11.97
PWM	5;F9;866;12.47;2.82;0.0531;12.47
PWM	6;WN;3070;13.79;6.45;0.0085;13.79
PWM	7;OH;1554;15.98;10.16;0.0154;15.98
PWM	8;OO;880;16.52;8.52;0.0068;16.52
PWM	9;B6;730;16.65;11.57;0.0466;16.65
PWM	10;9E;1788;20.58;13.92;0.0425;20.58
PWM	11;AA;3544;25.61;20.76;0.0214;25.61
RAP	1;UA;2046;6.2;2.78;0.0176;6.2
RAP	2;G4;896;9.89;5.67;0.0112;9.89
RAP	3;MQ;2378;12.08;7.98;0.0076;12.08
RAP	4;OO;4298;13.19;5.67;0.0116;13.19
RAP	5;DL;190;13.7;14.2;0.0316;13.7
RAP	6;9E;394;16.04;10.37;0.0;16.04
RAP	7;AA;264;46.02;48.29;0.0152;46.02
RDD	1;OO;2974;8.74;4.55;0.0047;8.74
RDM	1;AS;924;5.01;9.37;0.026;5.01
RDM	2;MQ;810;9.74;1.13;0.0049;9.74
RDM	3;OO;7646;11.65;10.19;0.0204;11.65
RDM	4;UA;2188;25.56;19.1;0.0155;25.56
RDM	5;AA;264;90.9;86.08;0.0152;90.9
RDU	1;YX;11290;5.06;2.84;0.0145;5.06
RDU	2;MQ;2478;7.07;3.27;0.0105;7.07
RDU	3;WN;18010;10.41;3.35;0.0056;10.41
RDU	4;UA;11152;10.46;4.42;0.0131;10.46
RDU	5;DL;22604;10.79;2.31;0.0088;10.79
RDU	6;9E;12878;13.26;8.04;0.0297;13.26
RDU	7;AS;1052;14.11;8.9;0.0114;14.11
RDU	8;OO;2064;14.78;13.86;0.0029;14.78
RDU	9;B6;6414;16.68;11.59;0.0159;16.68
RDU	10;F9;9414;17.1;14.74;0.031;17.1
RDU	11;AA;22680;19.2;14.53;0.0169;19.2
RDU	12;OH;1720;19.48;16.54;0.014;19.48
RDU	13;NK;876;23.93;16.21;0.0137;23.93
RFD	1;G4;1682;20.66;14.39;0.0166;20.66
RHI	1;OO;1654;8.66;-2.16;0.0085;8.66
RIC	1;UA;1830;1.91;-2.59;0.0109;1.91
RIC	2;YX;4752;5.28;3.59;0.0185;5.28
RIC	3;MQ;446;6.78;1.22;0.0045;6.78
RIC	4;DL;5322;8.04;1.37;0.0064;8.04
RIC	5;OH;942;8.97;6.1;0.0127;8.97
RIC	6;WN;3932;9.96;2.85;0.0005;9.96
RIC	7;9E;4068;12.11;7.08;0.032;12.11
RIC	8;B6;3562;13.73;5.51;0.0118;13.73
RIC	9;OO;1372;17.12;11.05;0.0;17.12
RIC	10;AA;7492;19.78;14.23;0.0158;19.78
RIC	11;NK;2220;20.59;12.13;0.018;20.59
RIC	12;G4;620;29.22;20.31;0.0161;29.22
RIW	1;OO;1244;12.33;8.72;0.0177;12.33
RKS	1;OO;1246;16.99;10.94;0.0112;16.99
RNO	1;AS;1200;4.46;5.35;0.01;4.46
RNO	2;OO;8552;8.36;6.52;0.0068;8.36
RNO	3;WN;17366;8.46;2.83;0.0054;8.46
RNO	4;NK;2308;8.67;5.05;0.0182;8.67
RNO	5;DL;2046;11.28;2.92;0.0098;11.28
RNO	6;UA;4416;11.7;6.85;0.0122;11.7
RNO	7;MQ;558;13.12;10.58;0.0036;13.12
RNO	8;AA;4826;19.12;13.54;0.0124;19.12
RNO	9;B6;548;38.05;34.29;0.0219;38.05
RNO	10;G4;6;67.33;73.0;0.0;67.33
ROA	1;DL;876;10.74;1.03;0.0091;10.74
ROA	2;9E;1912;11.67;3.75;0.0188;11.67
ROA	3;OH;498;15.12;17.02;0.012;15.12
ROA	4;OO;1496;18.92;17.38;0.0214;18.92
ROA	5;YX;626;20.26;20.02;0.0543;20.26
ROA	6;G4;480;23.77;20.84;0.0375;23.77
ROC	1;YX;1992;2.47;-3.7;0.0191;2.47
ROC	2;MQ;1664;5.61;1.36;0.0072;5.61
ROC	3;OO;1036;8.53;2.9;0.0039;8.53
ROC	4;UA;1996;9.51;5.62;0.014;9.51
ROC	5;9E;5372;9.85;1.37;0.0335;9.85
ROC	6;OH;1438;11.49;9.52;0.0125;11.49
ROC	7;WN;3832;12.96;5.86;0.0052;12.96
ROC	8;NK;998;13.9;3.64;0.016;13.9
ROC	9;DL;2150;14.6;3.26;0.0093;14.6
ROC	10;B6;1510;19.65;15.27;0.0305;19.65
ROC	11;AA;1740;21.27;18.2;0.0161;21.27
ROC	12;G4;144;39.75;28.72;0.0139;39.75
ROW	1;MQ;326;13.94;7.32;0.0061;13.94
ROW	2;OO;1600;24.59;21.51;0.0312;24.59
RST	1;YX;28;-6.86;-7.36;0.0;-6.86
RST	2;MQ;660;7.93;4.82;0.0;7.93
RST	3;OO;1656;12.79;6.46;0.0097;12.79
RST	4;9E;488;12.97;8.85;0.0205;12.97
RSW	1;UA;11202;7.32;1.91;0.0312;7.32
RSW	2;9E;38;7.58;5.32;0.0;7.58
RSW	3;AS;340;7.68;3.13;0.0412;7.68
RSW	4;DL;14502;10.44;5.99;0.0154;10.44
RSW	5;WN;14840;11.65;7.56;0.0191;11.65
RSW	6;NK;4890;12.54;8.93;0.0233;12.54
RSW	7;YX;184;15.73;11.01;0.0;15.73
RSW	8;F9;4968;18.01;12.86;0.033;18.01
RSW	9;AA;10862;19.52;16.37;0.0232;19.52
RSW	10;MQ;178;20.16;22.09;0.0112;20.16
RSW	11;OH;66;20.71;15.58;0.0606;20.71
RSW	12;B6;7672;20.75;16.89;0.0258;20.75
SAF	1;OO;5612;13.33;8.39;0.015;13.33
SAF	2;MQ;204;23.13;21.83;0.0196;23.13
SAN	1;AS;20606;8.34;7.4;0.0269;8.34
SAN	2;UA;20502;9.03;3.99;0.0202;9.03
SAN	3;OO;24686;10.3;11.59;0.0092;10.3
SAN	4;DL;18950;10.54;4.4;0.0069;10.54
SAN	5;NK;5774;12.73;9.56;0.0197;12.73
SAN	6;WN;68280;13.77;8.88;0.0087;13.77
SAN	7;HA;1430;15.95;15.32;0.007;15.95
SAN	8;G4;348;17.66;20.35;0.0115;17.66
SAN	9;B6;3532;19.06;14.08;0.0028;19.06
SAN	10;AA;18422;19.09;13.68;0.0118;19.09
SAN	11;F9;6760;21.53;22.51;0.0213;21.53
SAT	1;UA;11234;7.72;2.02;0.0173;7.72
SAT	2;WN;32924;9.01;3.31;0.0063;9.01
SAT	3;AS;1266;9.11;5.69;0.0063;9.11
SAT	4;OO;2046;10.05;7.39;0.0078;10.05
SAT	5;DL;12342;10.91;3.95;0.0079;10.91
SAT	6;YX;22;11.45;-1.45;0.0;11.45
SAT	7;MQ;520;12.72;8.25;0.0115;12.72
SAT	8;NK;4228;16.77;8.36;0.0222;16.77
SAT	9;AA;16030;16.9;14.84;0.018;16.9
SAT	10;F9;1406;19.73;11.06;0.0256;19.73
SAT	11;B6;1164;33.06;25.48;0.0206;33.06
SAT	12;G4;44;74.5;74.91;0.0;74.5
SAV	1;OO;778;4.5;1.25;0.0206;4.5
SAV	2;F9;324;5.66;7.23;0.0247;5.66
SAV	3;YX;2320;6.64;0.47;0.0078;6.64
SAV	4;DL;6616;8.63;2.19;0.0079;8.63
SAV	5;MQ;1944;9.16;5.19;0.0082;9.16
SAV	6;UA;2616;10.23;4.27;0.0153;10.23
SAV	7;WN;5662;10.56;5.51;0.0064;10.56
SAV	8;OH;6968;10.75;5.45;0.0126;10.75
SAV	9;9E;3730;14.05;5.87;0.0375;14.05
SAV	10;G4;1648;14.9;12.7;0.0121;14.9
SAV	11;B6;1826;16.07;12.0;0.011;16.07
SAV	12;AA;3808;27.47;21.2;0.0252;27.47
SBA	1;AS;660;-0.37;-2.29;0.0091;-0.37
SBA	2;MQ;586;3.81;-0.81;0.0102;3.81
SBA	3;WN;3866;7.58;1.05;0.014;7.58
SBA	4;OO;3554;11.02;8.08;0.0146;11.02
SBA	5;DL;1244;14.3;7.02;0.0048;14.3
SBA	6;UA;3008;14.81;10.05;0.0226;14.81
SBA	7;AA;2068;20.42;16.55;0.0135;20.42
SBN	1;AA;4;-4.0;-15.0;0.0;-4.0
SBN	2;9E;22;-4.0;-16.45;0.0;-4.0
SBN	3;UA;50;7.44;0.0;0.0;7.44
SBN	4;G4;1638;10.68;4.53;0.0171;10.68
SBN	5;OH;2332;14.15;10.56;0.0086;14.15
SBN	6;OO;9194;15.97;9.38;0.0165;15.97
SBN	7;YX;130;16.3;12.81;0.0154;16.3
SBP	1;MQ;330;0.48;-2.88;0.0;0.48
SBP	2;AS;124;7.23;7.19;0.0;7.23
SBP	3;OO;7734;7.96;6.12;0.0119;7.96
SBP	4;UA;698;8.72;2.22;0.0086;8.72
SBP	5;AA;1602;29.14;24.06;0.0037;29.14
SCC	1;AS;1140;-7.03;-8.26;0.0316;-7.03
SCE	1;YX;16;-3.62;-1.62;0.0;-3.62
SCE	2;OH;26;-2.55;-0.27;0.1538;-2.55
SCE	3;OO;1108;12.21;7.43;0.0144;12.21
SCK	1;G4;1030;24.59;24.65;0.0039;24.59
SDF	1;YX;12546;1.2;-2.66;0.0094;1.2
SDF	2;DL;4880;4.72;-2.36;0.009;4.72
SDF	3;WN;10172;7.34;1.12;0.0077;7.34
SDF	4;MQ;3186;10.54;7.2;0.0113;10.54
SDF	5;UA;1692;10.83;4.95;0.0095;10.83
SDF	6;OO;3786;12.23;7.11;0.0063;12.23
SDF	7;9E;346;12.39;9.88;0.0231;12.39
SDF	8;NK;1728;18.36;11.59;0.015;18.36
SDF	9;G4;1418;20.1;15.8;0.0183;20.1
SDF	10;OH;3334;20.24;17.35;0.0114;20.24
SDF	11;AA;5156;24.75;22.56;0.0202;24.75
SEA	1;OO;53031;6.72;4.04;0.004;6.72
SEA	2;DL;63730;8.0;0.94;0.0056;8.0
SEA	3;AS;156286;9.25;6.09;0.0154;9.25
SEA	4;UA;18146;10.43;4.41;0.0176;10.43
SEA	5;WN;16208;14.56;7.2;0.0021;14.56
SEA	6;MQ;1022;16.34;6.25;0.0;16.34
SEA	7;NK;1898;16.72;9.16;0.0105;16.72
SEA	8;AA;11190;19.25;10.58;0.0154;19.25
SEA	9;F9;2920;19.86;14.71;0.0199;19.86
SEA	10;HA;1520;20.06;16.82;0.025;20.06
SEA	11;B6;1498;21.43;13.88;0.0067;21.43
SFB	1;G4;18998;12.43;9.55;0.0164;12.43
SFO	1;HA;1512;5.67;4.05;0.0238;5.67
SFO	2;AS;22976;10.59;6.78;0.0259;10.59
SFO	3;UA;102146;11.83;2.65;0.0139;11.83
SFO	4;OO;63448;13.0;8.14;0.0135;13.0
SFO	5;DL;25758;14.54;4.5;0.0068;14.54
SFO	6;B6;8484;14.54;6.12;0.0042;14.54
SFO	7;MQ;100;17.54;8.24;0.0;17.54
SFO	8;WN;14894;21.49;14.93;0.0046;21.49
SFO	9;AA;21480;23.48;15.8;0.0096;23.48
SFO	10;F9;9158;32.69;29.94;0.0207;32.69
SGF	1;9E;1272;6.67;0.72;0.0047;6.67
SGF	2;DL;804;13.22;4.36;0.005;13.22
SGF	3;G4;1704;14.31;10.0;0.0129;14.31
SGF	4;MQ;7892;14.39;11.09;0.015;14.39
SGF	5;OO;4934;19.74;14.19;0.0101;19.74
SGF	6;OH;1954;28.28;26.47;0.0082;28.28
SGU	1;OO;6046;5.69;0.04;0.003;5.69
SHR	1;OO;1460;3.05;1.81;0.0192;3.05
SHV	1;9E;2342;4.98;-1.61;0.0162;4.98
SHV	2;MQ;1678;11.97;6.78;0.0179;11.97
SHV	3;OO;1230;13.9;8.5;0.0098;13.9
SHV	4;G4;302;15.52;10.88;0.0199;15.52
SHV	5;OH;3430;19.22;16.72;0.0268;19.22
SIT	1;AS;2656;-1.23;-1.48;0.0151;-1.23
SIT	2;OO;186;47.57;42.63;0.043;47.57
SJC	1;HA;1370;-0.37;-6.23;0.0088;-0.37
SJC	2;AS;5701;2.32;-1.49;0.0228;2.32
SJC	3;OO;17202;2.45;-0.01;0.002;2.45
SJC	4;MQ;726;2.57;-3.16;0.0055;2.57
SJC	5;UA;4302;3.96;-4.56;0.0126;3.96
SJC	6;DL;4462;4.75;-4.64;0.0072;4.75
SJC	7;WN;57238;7.49;1.37;0.0052;7.49
SJC	8;F9;1282;7.51;8.28;0.0047;7.51
SJC	9;NK;5262;11.09;8.48;0.0133;11.09
SJC	10;AA;2918;16.96;9.23;0.0103;16.96
SJC	11;B6;320;39.68;27.49;0.0187;39.68
SJT	1;MQ;1450;11.43;9.48;0.0193;11.43
SJT	2;OO;728;12.32;11.25;0.022;12.32
SJU	1;DL;7164;8.09;4.4;0.0036;8.09
SJU	2;WN;7996;10.08;7.96;0.007;10.08
SJU	3;UA;6258;12.88;9.09;0.015;12.88
SJU	4;NK;9492;15.54;10.02;0.0204;15.54
SJU	5;MQ;32;18.5;17.88;0.0;18.5
SJU	6;F9;11755;21.69;20.41;0.0216;21.69
SJU	7;B6;20168;23.7;15.07;0.0109;23.7
SJU	8;AA;7996;24.02;22.98;0.0043;24.02
SLC	1;OO;63181;4.28;-0.26;0.0028;4.28
SLC	2;MQ;286;5.97;-9.94;0.0;5.97
SLC	3;AS;2470;6.23;3.36;0.0186;6.23
SLC	4;HA;460;6.57;-0.21;0.0;6.57
SLC	5;DL;108326;9.75;4.06;0.0062;9.75
SLC	6;WN;23954;11.68;4.84;0.0035;11.68
SLC	7;UA;8180;11.86;5.88;0.0161;11.86
SLC	8;NK;2538;13.52;7.15;0.011;13.52
SLC	9;F9;6342;17.7;15.33;0.0211;17.7
SLC	10;AA;7708;19.72;13.05;0.0148;19.72
SLC	11;B6;3048;22.39;15.67;0.0072;22.39
SLN	1;OO;1424;13.49;10.44;0.0225;13.49
SMF	1;MQ;470;2.47;-2.86;0.0;2.47
SMF	2;OO;17278;5.0;1.52;0.0037;5.0
SMF	3;AS;2272;5.86;3.77;0.0158;5.86
SMF	4;DL;6462;6.19;-1.64;0.0074;6.19
SMF	5;UA;7980;6.75;0.11;0.015;6.75
SMF	6;HA;1908;7.6;4.95;0.0084;7.6
SMF	7;F9;1652;7.82;8.01;0.0145;7.82
SMF	8;WN;60698;9.27;3.18;0.0051;9.27
SMF	9;NK;3572;12.25;9.27;0.0157;12.25
SMF	10;AA;7046;18.86;12.1;0.0159;18.86
SMF	11;B6;766;49.02;41.82;0.0131;49.02
SMX	1;G4;212;40.51;39.3;0.0;40.51
SNA	1;AS;8230;2.07;0.29;0.0122;2.07
SNA	2;NK;2450;6.57;4.24;0.018;6.57
SNA	3;UA;12130;7.48;0.27;0.0069;7.48
SNA	4;WN;28941;8.33;0.41;0.0067;8.33
SNA	5;DL;9648;11.14;2.83;0.0052;11.14
SNA	6;F9;2226;13.21;10.37;0.0234;13.21
SNA	7;OO;8084;13.52;14.41;0.0116;13.52
SNA	8;AA;13164;18.27;10.06;0.012;18.27
SNA	9;G4;2164;29.33;25.52;0.0148;29.33
SPI	1;G4;214;24.0;20.98;0.0187;24.0
SPN	1;UA;732;-1.21;-4.5;0.0055;-1.21
SPS	1;MQ;222;8.0;-0.24;0.009;8.0
SPS	2;OO;1228;12.21;8.15;0.0195;12.21
SRQ	1;G4;5238;5.86;2.31;0.037;5.86
SRQ	2;WN;8482;10.61;5.27;0.038;10.61
SRQ	3;DL;6032;10.88;6.84;0.0312;10.88
SRQ	4;UA;3420;11.2;6.23;0.031;11.2
SRQ	5;YX;440;11.9;12.74;0.0364;11.9
SRQ	6;OH;772;15.38;10.32;0.044;15.38
SRQ	7;B6;1538;16.94;13.67;0.039;16.94
SRQ	8;MQ;34;21.06;6.31;0.0588;21.06
SRQ	9;AA;5262;21.64;19.26;0.0323;21.64
SRQ	10;F9;1084;25.15;24.66;0.0443;25.15
SRQ	11;OO;100;64.2;63.41;0.02;64.2
STC	1;G4;298;11.41;-0.69;0.0134;11.41
STL	1;AS;1558;4.21;-0.75;0.0116;4.21
STL	2;9E;2968;5.14;-2.71;0.035;5.14
STL	3;YX;4114;5.32;-1.06;0.0131;5.32
STL	4;DL;11056;5.91;-0.6;0.0072;5.91
STL	5;MQ;3534;11.12;7.27;0.0209;11.12
STL	6;WN;82398;11.44;5.03;0.0078;11.44
STL	7;UA;6070;14.42;11.27;0.0129;14.42
STL	8;OH;900;17.06;14.09;0.0178;17.06
STL	9;OO;1138;17.58;11.76;0.0141;17.58
STL	10;AA;14244;17.6;15.25;0.0159;17.6
STL	11;F9;2360;23.57;16.79;0.0271;23.57
STL	12;NK;854;29.35;23.09;0.0398;29.35
STS	1;MQ;474;7.45;3.41;0.0;7.45
STS	2;OO;5906;8.02;9.51;0.0047;8.02
STS	3;AS;630;9.19;9.78;0.0095;9.19
STS	4;AA;366;56.36;54.6;0.0055;56.36
STT	1;UA;1618;5.01;1.06;0.0074;5.01
STT	2;F9;140;10.01;23.0;0.0286;10.01
STT	3;NK;2116;12.81;6.53;0.0142;12.81
STT	4;DL;1770;15.21;11.12;0.0068;15.21
STT	5;B6;1366;15.9;12.39;0.019;15.9
STT	6;AA;4066;29.52;26.22;0.0089;29.52
STX	1;F9;38;-0.79;8.11;0.0;-0.79
STX	2;DL;240;7.78;3.03;0.0083;7.78
STX	3;B6;40;10.75;13.55;0.0;10.75
STX	4;NK;564;14.46;14.16;0.0284;14.46
STX	5;AA;1510;33.77;33.8;0.0066;33.77
SUN	1;OO;4010;9.95;6.01;0.011;9.95
SUX	1;OO;1460;19.06;15.51;0.0192;19.06
SWF	1;G4;850;20.97;12.82;0.0165;20.97
SWO	1;MQ;322;7.09;2.78;0.0062;7.09
SWO	2;OO;1138;10.43;6.72;0.0246;10.43
SYR	1;YX;3154;2.56;-5.89;0.0171;2.56
SYR	2;UA;2022;4.3;-0.61;0.0079;4.3
SYR	3;9E;4016;4.47;-3.64;0.0249;4.47
SYR	4;MQ;1760;5.27;-0.09;0.0068;5.27
SYR	5;DL;2454;7.26;-3.0;0.0081;7.26
SYR	6;B6;2694;11.87;7.36;0.0223;11.87
SYR	7;OO;2234;11.95;6.96;0.0116;11.95
SYR	8;WN;1712;12.29;4.22;0.0058;12.29
SYR	9;OH;956;17.05;15.59;0.0105;17.05
SYR	10;AA;3346;17.41;12.46;0.0114;17.41
SYR	11;F9;1006;17.59;9.86;0.0358;17.59
SYR	12;G4;1398;20.85;11.37;0.0157;20.85
TLH	1;DL;2816;1.66;-4.78;0.0099;1.66
TLH	2;B6;596;7.08;1.24;0.0201;7.08
TLH	3;9E;1254;10.22;8.48;0.0239;10.22
TLH	4;MQ;5622;10.32;8.67;0.0164;10.32
TLH	5;OH;1820;18.36;15.4;0.0231;18.36
TLH	6;YX;84;18.5;19.57;0.0476;18.5
TLH	7;OO;2;36.0;47.0;0.0;36.0
TOL	1;G4;750;16.99;11.33;0.0107;16.99
TPA	1;YX;48;5.04;4.21;0.0;5.04
TPA	2;NK;11730;8.52;5.07;0.03;8.52
TPA	3;UA;17344;12.1;7.14;0.0302;12.1
TPA	4;WN;48162;12.61;7.72;0.0215;12.61
TPA	5;DL;25774;13.77;8.28;0.0203;13.77
TPA	6;F9;13290;15.31;11.3;0.0281;15.31
TPA	7;MQ;2494;16.7;14.8;0.0289;16.7
TPA	8;B6;10470;19.22;13.65;0.0267;19.22
TPA	9;AA;25508;19.24;15.86;0.0279;19.24
TPA	10;AS;2198;20.0;16.39;0.0446;20.0
TPA	11;9E;16;77.62;87.62;0.0;77.62
TRI	1;9E;2262;3.54;-4.31;0.0071;3.54
TRI	2;MQ;880;4.5;-3.89;0.0068;4.5
TRI	3;DL;304;14.56;3.93;0.0;14.56
TRI	4;OO;290;17.23;9.61;0.0069;17.23
TRI	5;OH;428;17.27;7.43;0.0187;17.27
TRI	6;G4;332;32.37;31.52;0.0361;32.37
TTN	1;F9;3596;15.06;7.06;0.0328;15.06
TUL	1;UA;990;1.93;4.91;0.0101;1.93
TUL	2;YX;1386;3.94;1.26;0.0188;3.94
TUL	3;DL;2832;5.09;-3.22;0.0085;5.09
TUL	4;9E;522;5.33;-1.42;0.0;5.33
TUL	5;OO;7000;5.53;1.09;0.0069;5.53
TUL	6;MQ;3376;5.81;2.46;0.013;5.81
TUL	7;WN;10988;6.32;0.2;0.0051;6.32
TUL	8;G4;816;16.76;10.47;0.0049;16.76
TUL	9;OH;1526;17.8;15.18;0.0131;17.8
TUL	10;AA;4874;22.02;19.16;0.0226;22.02
TUS	1;MQ;1548;1.85;-0.58;0.0078;1.85
TUS	2;DL;2282;6.45;-2.43;0.007;6.45
TUS	3;OO;15886;7.12;5.07;0.0035;7.12
TUS	4;AS;1052;7.52;8.11;0.0038;7.52
TUS	5;WN;8724;8.88;2.72;0.0053;8.88
TUS	6;UA;2186;11.36;3.82;0.0091;11.36
TUS	7;AA;6578;14.53;11.53;0.017;14.53
TVC	1;YX;792;7.46;8.26;0.0101;7.46
TVC	2;DL;890;9.09;0.77;0.018;9.09
TVC	3;9E;482;9.28;6.0;0.0083;9.28
TVC	4;MQ;1304;11.04;6.41;0.0031;11.04
TVC	5;OH;304;11.12;6.95;0.0;11.12
TVC	6;UA;1172;12.32;10.6;0.0137;12.32
TVC	7;OO;2360;20.05;17.89;0.0153;20.05
TVC	8;G4;694;24.73;14.54;0.0202;24.73
TVC	9;AA;182;63.4;62.25;0.0;63.4
TWF	1;OO;1400;-1.17;-6.34;0.0029;-1.17
TXK	1;OO;596;15.44;13.44;0.0537;15.44
TXK	2;MQ;878;18.36;16.67;0.0114;18.36
TYR	1;MQ;382;14.55;9.84;0.0157;14.55
TYR	2;OO;1798;16.72;12.07;0.03;16.72
TYS	1;UA;690;2.1;-4.66;0.0087;2.1
TYS	2;DL;2833;2.59;-6.78;0.0092;2.59
TYS	3;9E;5830;3.12;-4.81;0.0172;3.12
TYS	4;YX;1474;6.47;3.69;0.0176;6.47
TYS	5;OO;3160;9.01;2.86;0.0146;9.01
TYS	6;MQ;2072;9.41;7.33;0.0087;9.41
TYS	7;OH;7350;10.33;7.84;0.0144;10.33
TYS	8;G4;5566;13.46;9.21;0.0194;13.46
TYS	9;F9;550;20.21;17.6;0.0145;20.21
TYS	10;AA;3036;25.26;17.46;0.0231;25.26
USA	1;G4;1406;25.53;22.13;0.0228;25.53
VCT	1;OO;1270;17.13;11.13;0.0252;17.13
VEL	1;OO;104;21.42;16.77;0.0;21.42
VLD	1;OO;120;6.38;4.95;0.0;6.38
VLD	2;9E;1442;8.7;3.88;0.0236;8.7
VPS	1;YX;156;-5.24;-9.87;0.0;-5.24
VPS	2;WN;3856;8.1;2.23;0.0041;8.1
VPS	3;DL;5116;9.19;2.11;0.0082;9.19
VPS	4;G4;4662;11.11;6.06;0.015;11.11
VPS	5;OH;1436;13.51;13.85;0.0195;13.51
VPS	6;MQ;764;16.37;12.83;0.0288;16.37
VPS	7;9E;42;20.3;23.5;0.0476;20.3
VPS	8;AA;3762;29.93;28.07;0.0144;29.93
WRG	1;AS;1452;-1.22;-3.57;0.0152;-1.22
WYS	1;OO;626;12.24;8.2;0.0128;12.24
XNA	1;DL;1152;4.25;-4.67;0.0052;4.25
XNA	2;YX;1620;4.85;-0.08;0.0173;4.85
XNA	3;9E;3912;6.09;0.3;0.0061;6.09
XNA	4;F9;400;7.41;6.87;0.005;7.41
XNA	5;OO;4766;7.68;3.48;0.0076;7.68
XNA	6;UA;478;9.79;5.06;0.0042;9.79
XNA	7;MQ;10692;10.73;7.96;0.0079;10.73
XNA	8;OH;450;19.38;14.85;0.0267;19.38
XNA	9;G4;1708;21.23;16.41;0.0105;21.23
XNA	10;AA;2570;25.6;25.11;0.0109;25.6
XWA	1;OO;3944;18.41;12.38;0.0157;18.41
YAK	1;AS;1452;-3.23;-4.48;0.022;-3.23
YUM	1;MQ;1166;4.22;1.12;0.0051;4.22
YUM	2;OO;2278;11.21;8.47;0.0026;11.21
