ABE	1;9E;513;8.86;-1.72;0.0058;8.86
ABE	2;OH;551;10.77;0.04;0.0127;10.77
ABE	3;G4;889;10.88;1.76;0.0045;10.88
ABE	4;OO;313;30.91;22.21;0.0383;30.91
ABI	1;MQ;882;11.17;9.19;0.0136;11.17
ABQ	1;DL;706;0.91;-7.18;0.0;0.91
ABQ	2;OO;1969;4.71;0.7;0.0081;4.71
ABQ	3;MQ;308;6.41;3.56;0.0162;6.41
ABQ	4;NK;247;8.2;1.76;0.0081;8.2
ABQ	5;UA;822;8.95;3.22;0.0097;8.95
ABQ	6;WN;5644;11.33;4.97;0.0071;11.33
ABQ	7;AS;189;12.61;9.27;0.0106;12.61
ABQ	8;AA;1545;24.0;21.72;0.0298;24.0
ABQ	9;B6;139;62.25;54.87;0.0216;62.25
ABR	1;OO;367;17.37;7.59;0.0136;17.37
ABY	1;OO;360;14.02;12.08;0.0056;14.02
ABY	2;9E;8;47.5;48.12;0.0;47.5
ACK	1;B6;312;10.76;7.07;0.0449;10.76
ACK	2;MQ;4;15.5;15.0;0.0;15.5
ACK	3;YX;166;21.87;20.93;0.0542;21.87
ACK	4;OO;13;50.31;45.08;0.0;50.31
ACT	1;OO;275;13.22;12.98;0.0545;13.22
ACT	2;MQ;276;20.68;19.78;0.0217;20.68
ACV	1;OO;800;22.05;19.59;0.015;22.05
ACY	1;NK;1716;9.9;4.09;0.014;9.9
ADK	1;AS;52;-16.26;-15.89;0.1154;-16.26
ADQ	1;AS;385;1.48;-1.29;0.0234;1.48
AEX	1;9E;387;12.64;8.15;0.0052;12.64
AEX	2;OO;551;21.92;19.91;0.0363;21.92
AGS	1;9E;764;9.87;4.38;0.0;9.87
AGS	2;YX;31;9.94;-0.71;0.0;9.94
AGS	3;DL;55;12.93;11.69;0.0;12.93
AGS	4;OH;684;13.88;11.1;0.0088;13.88
AGS	5;MQ;87;14.93;10.75;0.023;14.93
AGS	6;OO;281;26.65;20.68;0.0036;26.65
AGS	7;AA;23;36.48;34.35;0.0;36.48
AKN	1;AS;67;-12.68;-10.53;0.0149;-12.68
ALB	1;YX;281;0.68;-5.67;0.0178;0.68
ALB	2;MQ;134;2.81;-3.25;0.0;2.81
ALB	3;9E;608;5.3;-5.11;0.0164;5.3
ALB	4;UA;339;7.06;-1.97;0.0147;7.06
ALB	5;OO;338;8.51;0.08;0.0059;8.51
ALB	6;DL;640;10.04;-1.17;0.0047;10.04
ALB	7;WN;1706;12.16;4.66;0.0111;12.16
ALB	8;OH;499;15.31;13.06;0.024;15.31
ALB	9;AA;724;16.25;10.8;0.0083;16.25
ALB	10;B6;344;23.07;17.62;0.0174;23.07
ALB	11;G4;283;30.17;19.17;0.0035;30.17
ALW	1;OO;366;-0.25;3.14;0.0464;-0.25
AMA	1;WN;995;7.96;1.55;0.008;7.96
AMA	2;MQ;986;10.96;8.85;0.0294;10.96
AMA	3;OO;372;17.77;16.01;0.0242;17.77
AMA	4;AA;126;20.86;22.37;0.0317;20.86
ANC	1;AS;6994;4.05;0.77;0.0232;4.05
ANC	2;UA;547;10.36;1.95;0.0146;10.36
ANC	3;DL;1075;11.46;2.07;0.0;11.46
ANC	4;AA;207;31.58;18.23;0.0097;31.58
APN	1;OO;314;18.93;12.06;0.051;18.93
ASE	1;OO;4353;29.79;23.38;0.0894;29.79
ATL	1;YX;787;4.4;2.14;0.0127;4.4
ATL	2;AS;571;5.47;1.08;0.0298;5.47
ATL	3;9E;12402;5.82;1.84;0.0062;5.82
ATL	4;DL;111626;8.28;4.58;0.0015;8.28
ATL	5;OH;1037;11.58;8.38;0.0087;11.58
ATL	6;UA;3505;12.84;7.14;0.0163;12.84
ATL	7;WN;18264;13.87;8.49;0.0058;13.87
ATL	8;NK;5274;17.88;11.36;0.01;17.88
ATL	9;OO;4480;20.47;17.16;0.0063;20.47
ATL	10;MQ;403;21.92;18.49;0.0199;21.92
ATL	11;B6;1604;22.44;18.58;0.0112;22.44
ATL	12;AA;3700;22.88;19.32;0.0184;22.88
ATL	13;F9;5349;27.83;22.47;0.0247;27.83
ATW	1;G4;683;5.95;-0.29;0.0073;5.95
ATW	2;DL;117;6.49;-2.38;0.0;6.49
ATW	3;9E;159;11.36;9.38;0.0;11.36
ATW	4;MQ;343;15.93;8.4;0.0146;15.93
ATW	5;OO;1723;26.41;21.13;0.0238;26.41
AUS	1;YX;87;0.48;-3.64;0.0;0.48
AUS	2;OH;25;9.28;0.04;0.0;9.28
AUS	3;AS;1410;11.61;9.99;0.0468;11.61
AUS	4;UA;4613;12.63;6.5;0.0176;12.63
AUS	5;WN;19165;13.62;8.18;0.0085;13.62
AUS	6;9E;369;14.38;13.31;0.0027;14.38
AUS	7;DL;5373;15.87;9.02;0.0017;15.87
AUS	8;MQ;1548;16.42;14.63;0.02;16.42
AUS	9;NK;565;18.32;11.58;0.0177;18.32
AUS	10;G4;613;20.23;16.04;0.0147;20.23
AUS	11;AA;7062;26.36;23.41;0.0184;26.36
AUS	12;F9;233;27.52;22.72;0.03;27.52
AUS	13;B6;496;32.05;24.01;0.0081;32.05
AUS	14;HA;83;40.55;46.15;0.012;40.55
AUS	15;OO;1273;41.06;39.23;0.0055;41.06
AVL	1;YX;600;4.41;-1.58;0.0133;4.41
AVL	2;OH;1100;9.77;9.14;0.0064;9.77
AVL	3;DL;1181;11.51;3.83;0.0008;11.51
AVL	4;9E;274;13.79;6.76;0.0073;13.79
AVL	5;OO;380;14.31;9.23;0.0263;14.31
AVL	6;UA;41;14.83;10.0;0.0;14.83
AVL	7;MQ;530;19.02;18.17;0.017;19.02
AVL	8;G4;1552;19.32;14.95;0.009;19.32
AVL	9;B6;20;26.45;23.9;0.0;26.45
AVL	10;AA;175;47.07;42.49;0.04;47.07
AVP	1;OH;188;16.66;1.1;0.0;16.66
AVP	2;AA;364;21.75;17.42;0.0055;21.75
AVP	3;MQ;165;24.24;16.85;0.0242;24.24
AVP	4;OO;42;65.47;51.17;0.0476;65.47
AZA	1;G4;3067;3.36;-3.18;0.0059;3.36
AZO	1;9E;14;2.64;-2.93;0.0;2.64
AZO	2;OO;496;7.94;2.1;0.0222;7.94
BDL	1;YX;223;-0.04;-6.17;0.0;-0.04
BDL	2;MQ;378;4.78;-0.28;0.0185;4.78
BDL	3;9E;274;5.37;-0.28;0.0182;5.37
BDL	4;UA;1034;6.21;0.18;0.0155;6.21
BDL	5;DL;1826;6.4;-1.93;0.0022;6.4
BDL	6;WN;1953;12.58;5.54;0.0087;12.58
BDL	7;NK;267;15.97;13.11;0.015;15.97
BDL	8;B6;1760;17.19;8.71;0.0142;17.19
BDL	9;OH;859;17.19;12.05;0.021;17.19
BDL	10;AA;1751;18.22;12.59;0.0166;18.22
BDL	11;F9;498;60.07;58.81;0.0361;60.07
BDL	12;OO;15;92.13;82.0;0.0;92.13
BET	1;AS;366;13.05;16.14;0.0137;13.05
BFF	1;OO;314;6.63;5.74;0.0318;6.63
BFL	1;MQ;116;0.18;-2.35;0.0;0.18
BFL	2;OO;533;7.6;-0.11;0.0038;7.6
BFL	3;AA;510;12.82;8.67;0.0137;12.82
BGM	1;9E;185;18.42;12.54;0.027;18.42
BGR	1;OH;372;4.34;-2.34;0.0376;4.34
BGR	2;9E;570;4.96;-4.79;0.0421;4.96
BGR	3;YX;246;5.75;-6.35;0.0691;5.75
BGR	4;MQ;51;16.63;21.39;0.0392;16.63
BGR	5;OO;40;17.49;19.23;0.025;17.49
BGR	6;G4;289;20.59;4.63;0.0208;20.59
BGR	7;AA;155;30.28;30.2;0.0194;30.28
BHM	1;UA;2;-10.0;-14.0;0.0;-10.0
BHM	2;YX;245;-0.98;-2.52;0.0122;-0.98
BHM	3;DL;1454;4.58;-1.33;0.0021;4.58
BHM	4;9E;624;6.27;-0.75;0.0304;6.27
BHM	5;MQ;1125;11.49;8.91;0.0169;11.49
BHM	6;OH;2084;13.63;9.83;0.0154;13.63
BHM	7;WN;2130;14.73;10.87;0.0085;14.73
BHM	8;OO;577;16.0;9.72;0.0104;16.0
BHM	9;AA;151;50.45;52.05;0.0265;50.45
BIH	1;OO;169;22.1;12.05;0.1065;22.1
BIL	1;DL;368;0.03;-0.28;0.0027;0.03
BIL	2;OO;561;2.6;-0.17;0.0036;2.6
BIL	3;UA;373;3.26;0.71;0.0107;3.26
BIL	4;MQ;404;18.99;20.23;0.0099;18.99
BIL	5;G4;178;21.21;19.85;0.0169;21.21
BIS	1;G4;273;3.49;-6.34;0.0147;3.49
BIS	2;DL;327;7.79;1.01;0.0031;7.79
BIS	3;MQ;241;12.88;4.28;0.0041;12.88
BIS	4;OO;975;17.54;12.82;0.0185;17.54
BJI	1;OO;367;16.63;10.73;0.0109;16.63
BLI	1;G4;458;-0.13;-3.61;0.0044;-0.13
BLI	2;WN;516;8.46;2.39;0.0078;8.46
BLI	3;OO;457;8.91;10.24;0.0;8.91
BLV	1;G4;546;19.06;12.58;0.0128;19.06
BMI	1;F9;37;7.64;11.67;0.027;7.64
BMI	2;9E;368;8.07;1.41;0.0109;8.07
BMI	3;MQ;368;11.26;9.14;0.0272;11.26
BMI	4;G4;112;26.34;23.79;0.0179;26.34
BNA	1;YX;2549;3.84;2.7;0.0196;3.84
BNA	2;DL;4062;4.82;-1.14;0.0079;4.82
BNA	3;AS;568;7.53;1.09;0.0176;7.53
BNA	4;OH;1430;10.94;7.75;0.0245;10.94
BNA	5;MQ;1477;12.13;10.15;0.0278;12.13
BNA	6;WN;24877;12.6;5.88;0.0112;12.6
BNA	7;G4;1694;13.78;7.99;0.0165;13.78
BNA	8;B6;658;14.68;6.32;0.0213;14.68
BNA	9;UA;3003;15.4;9.52;0.0236;15.4
BNA	10;OO;1921;16.52;12.18;0.0281;16.52
BNA	11;NK;2022;18.39;9.41;0.0213;18.39
BNA	12;F9;334;18.43;17.25;0.0269;18.43
BNA	13;9E;724;18.76;14.98;0.0276;18.76
BNA	14;AA;4062;30.38;29.47;0.0288;30.38
BOI	1;AS;320;2.64;2.99;0.0094;2.64
BOI	2;OO;5221;5.23;3.81;0.0029;5.23
BOI	3;UA;563;6.02;1.56;0.0284;6.02
BOI	4;NK;308;6.39;1.06;0.0227;6.39
BOI	5;WN;2211;7.3;1.78;0.0045;7.3
BOI	6;MQ;237;7.95;4.41;0.0042;7.95
BOI	7;DL;1316;10.24;5.33;0.0008;10.24
BOI	8;AA;430;14.76;11.87;0.0163;14.76
BOI	9;G4;190;23.49;21.74;0.0105;23.49
BOS	1;9E;8;-3.71;-17.86;0.125;-3.71
BOS	2;G4;232;2.58;-7.0;0.0;2.58
BOS	3;YX;12907;3.31;-2.48;0.0158;3.31
BOS	4;OO;2;9.5;23.5;0.0;9.5
BOS	5;UA;5856;9.52;0.73;0.0196;9.52
BOS	6;AS;1207;11.65;5.29;0.029;11.65
BOS	7;DL;12391;12.2;1.71;0.0033;12.2
BOS	8;WN;3033;12.63;2.98;0.0115;12.63
BOS	9;B6;20309;14.63;7.28;0.0127;14.63
BOS	10;MQ;887;15.49;7.08;0.0203;15.49
BOS	11;AA;8358;16.32;6.01;0.0133;16.32
BOS	12;NK;3384;20.69;11.71;0.026;20.69
BOS	13;F9;445;20.93;14.38;0.0135;20.93
BOS	14;HA;112;27.38;26.84;0.0179;27.38
BPT	1;OO;180;15.25;11.33;0.0222;15.25
BPT	2;MQ;188;16.86;12.91;0.0213;16.86
BQK	1;9E;64;1.72;1.69;0.0;1.72
BQK	2;OO;304;23.93;25.85;0.0033;23.93
BQN	1;F9;302;12.51;3.54;0.0099;12.51
BQN	2;B6;898;15.77;12.12;0.0145;15.77
BQN	3;UA;184;22.28;15.25;0.0272;22.28
BRD	1;OO;315;6.18;-0.26;0.0032;6.18
BRO	1;MQ;655;8.66;7.27;0.0229;8.66
BRO	2;OO;308;21.3;16.16;0.0227;21.3
BRW	1;AS;184;11.74;13.97;0.0707;11.74
BTM	1;OO;341;-3.52;-11.8;0.0;-3.52
BTR	1;DL;436;8.29;1.98;0.0;8.29
BTR	2;9E;271;8.46;4.2;0.0185;8.46
BTR	3;OO;340;15.1;11.54;0.0412;15.1
BTR	4;OH;1005;17.71;14.65;0.0139;17.71
BTR	5;MQ;414;21.57;24.59;0.0217;21.57
BTR	6;UA;2;25.0;23.0;0.0;25.0
BTV	1;YX;668;0.24;-10.7;0.021;0.24
BTV	2;B6;6;3.0;-0.67;0.0;3.0
BTV	3;UA;468;8.06;2.55;0.0214;8.06
BTV	4;MQ;51;10.06;12.55;0.0392;10.06
BTV	5;9E;896;10.52;0.39;0.0257;10.52
BTV	6;OO;25;10.56;10.92;0.0;10.56
BTV	7;DL;214;11.72;2.46;0.0047;11.72
BTV	8;OH;867;14.67;10.73;0.0208;14.67
BTV	9;AA;224;15.09;7.88;0.0134;15.09
BUF	1;YX;1540;5.31;1.16;0.037;5.31
BUF	2;9E;912;7.69;-0.99;0.0406;7.69
BUF	3;MQ;248;8.09;3.11;0.0161;8.09
BUF	4;DL;1057;8.1;0.45;0.0085;8.1
BUF	5;B6;1639;9.57;5.03;0.0268;9.57
BUF	6;WN;2721;11.43;4.27;0.0265;11.43
BUF	7;UA;481;16.06;9.98;0.0312;16.06
BUF	8;AA;878;19.32;15.03;0.0205;19.32
BUF	9;OO;461;19.35;13.1;0.0521;19.35
BUF	10;OH;199;24.85;23.52;0.0553;24.85
BUF	11;F9;549;30.65;23.27;0.0492;30.65
BUR	1;AS;1020;5.75;4.12;0.0304;5.75
BUR	2;WN;8689;7.47;0.57;0.0109;7.47
BUR	3;NK;655;12.65;7.37;0.0168;12.65
BUR	4;OO;2130;14.35;12.13;0.0146;14.35
BUR	5;UA;634;18.6;16.07;0.011;18.6
BUR	6;DL;82;23.0;12.37;0.0;23.0
BUR	7;AA;664;24.55;19.69;0.0151;24.55
BUR	8;B6;184;35.34;28.11;0.0109;35.34
BWI	1;MQ;278;2.42;-4.19;0.018;2.42
BWI	2;YX;474;4.63;2.65;0.0105;4.63
BWI	3;UA;1656;5.88;-0.82;0.0278;5.88
BWI	4;B6;222;7.17;3.6;0.0225;7.17
BWI	5;DL;2554;8.12;0.73;0.0016;8.12
BWI	6;OH;15;12.67;10.33;0.0;12.67
BWI	7;NK;3275;14.45;7.11;0.014;14.45
BWI	8;AS;250;15.49;13.03;0.044;15.49
BWI	9;WN;36343;16.66;9.84;0.0093;16.66
BWI	10;AA;1870;16.71;9.57;0.0176;16.71
BWI	11;G4;97;18.13;12.57;0.0;18.13
BWI	12;9E;273;18.19;9.06;0.0366;18.19
BWI	13;F9;1428;29.64;24.54;0.0322;29.64
BZN	1;OO;1057;6.4;5.64;0.0076;6.4
BZN	2;AS;314;6.5;6.1;0.0191;6.5
BZN	3;DL;847;7.16;3.03;0.0012;7.16
BZN	4;WN;1001;9.98;4.6;0.009;9.98
BZN	5;G4;195;11.7;5.26;0.0256;11.7
BZN	6;UA;1058;13.33;8.75;0.0161;13.33
BZN	7;MQ;1;30.0;18.0;0.0;30.0
BZN	8;B6;69;32.64;31.31;0.029;32.64
BZN	9;AA;450;35.28;32.92;0.0022;35.28
CAE	1;DL;784;0.55;-8.05;0.0026;0.55
CAE	2;OO;366;4.5;1.36;0.0137;4.5
CAE	3;9E;498;7.38;1.07;0.0201;7.38
CAE	4;OH;1019;7.7;4.81;0.0079;7.7
CAE	5;YX;179;14.8;11.83;0.0559;14.8
CAE	6;MQ;8;21.0;26.5;0.0;21.0
CAE	7;AA;368;29.93;26.45;0.0245;29.93
CAK	1;OH;805;4.81;2.1;0.0062;4.81
CAK	2;G4;394;12.79;6.03;0.0051;12.79
CAK	3;OO;531;20.74;18.41;0.0301;20.74
CDC	1;OO;314;7.67;1.62;0.0159;7.67
CDV	1;AS;366;-1.3;-2.77;0.0219;-1.3
CHA	1;DL;685;6.86;-1.92;0.0029;6.86
CHA	2;9E;541;9.37;3.32;0.0055;9.37
CHA	3;OH;838;11.93;9.44;0.0119;11.93
CHA	4;G4;121;16.63;14.07;0.0165;16.63
CHA	5;OO;549;16.84;15.22;0.0255;16.84
CHA	6;MQ;565;18.2;15.78;0.0319;18.2
CHO	1;OH;5;-7.6;-8.4;0.0;-7.6
CHO	2;DL;121;7.4;-2.92;0.0;7.4
CHO	3;YX;283;7.81;7.11;0.0353;7.81
CHO	4;9E;868;9.09;2.15;0.0253;9.09
CHO	5;OO;276;13.85;12.25;0.0399;13.85
CHS	1;AS;173;1.92;-2.69;0.0347;1.92
CHS	2;YX;1404;3.9;-2.23;0.0142;3.9
CHS	3;OH;723;7.58;6.92;0.0124;7.58
CHS	4;OO;45;7.6;7.73;0.0;7.6
CHS	5;DL;1752;8.3;2.5;0.0029;8.3
CHS	6;WN;1843;8.74;4.02;0.0038;8.74
CHS	7;MQ;371;10.88;7.12;0.0081;10.88
CHS	8;9E;956;11.64;4.13;0.0303;11.64
CHS	9;UA;1048;11.69;6.34;0.0134;11.69
CHS	10;G4;116;13.28;11.84;0.0172;13.28
CHS	11;F9;88;15.28;9.07;0.0227;15.28
CHS	12;B6;928;17.21;12.41;0.0172;17.21
CHS	13;NK;665;18.89;13.69;0.015;18.89
CHS	14;AA;2550;22.17;18.78;0.0153;22.17
CID	1;YX;91;2.36;-7.48;0.033;2.36
CID	2;9E;49;6.88;-0.1;0.0;6.88
CID	3;MQ;525;9.89;6.61;0.0248;9.89
CID	4;UA;543;12.16;10.49;0.0147;12.16
CID	5;G4;535;17.14;9.17;0.0187;17.14
CID	6;F9;124;17.75;18.02;0.0161;17.75
CID	7;OH;252;18.3;13.96;0.0516;18.3
CID	8;OO;808;21.15;17.02;0.0272;21.15
CID	9;DL;184;24.75;17.57;0.0054;24.75
CID	10;AA;704;32.23;25.95;0.0384;32.23
CIU	1;OO;367;29.46;21.79;0.0191;29.46
CKB	1;G4;116;25.94;23.21;0.0086;25.94
CLE	1;AS;231;3.59;5.11;0.0303;3.59
CLE	2;YX;1948;3.76;-0.89;0.0216;3.76
CLE	3;UA;4434;4.6;-2.49;0.0174;4.6
CLE	4;B6;408;6.48;2.12;0.0172;6.48
CLE	5;WN;2558;8.03;-0.16;0.0106;8.03
CLE	6;DL;1513;8.31;-1.86;0.0026;8.31
CLE	7;OH;651;9.07;7.38;0.0061;9.07
CLE	8;MQ;255;12.34;6.46;0.0235;12.34
CLE	9;NK;602;12.55;5.51;0.0133;12.55
CLE	10;9E;1403;12.7;5.53;0.0221;12.7
CLE	11;AA;2374;15.83;11.18;0.0244;15.83
CLE	12;OO;795;15.98;9.59;0.0151;15.98
CLE	13;F9;3270;27.45;20.25;0.0257;27.45
CLL	1;MQ;477;12.32;7.87;0.0273;12.32
CLL	2;OO;74;28.96;34.85;0.0811;28.96
CLT	1;YX;1220;7.7;4.08;0.0082;7.7
CLT	2;DL;2956;9.04;-0.54;0.001;9.04
CLT	3;OH;26082;9.84;6.5;0.008;9.84
CLT	4;UA;2067;11.57;7.17;0.016;11.57
CLT	5;9E;1427;12.92;7.13;0.0385;12.92
CLT	6;B6;336;14.26;5.29;0.0208;14.26
CLT	7;WN;1623;15.76;10.32;0.0062;15.76
CLT	8;MQ;3196;17.61;15.78;0.0119;17.61
CLT	9;OO;57;20.12;9.09;0.0;20.12
CLT	10;AA;63960;21.68;17.93;0.0091;21.68
CLT	11;NK;2604;23.82;18.25;0.0223;23.82
CLT	12;F9;1341;33.54;33.27;0.0343;33.54
CMH	1;YX;5605;1.21;-4.7;0.0136;1.21
CMH	2;DL;1473;5.39;-1.21;0.0027;5.39
CMH	3;9E;161;8.25;-2.68;0.0062;8.25
CMH	4;AS;220;8.97;1.08;0.0364;8.97
CMH	5;WN;6126;10.61;3.77;0.0088;10.61
CMH	6;MQ;1464;12.35;7.8;0.0102;12.35
CMH	7;OO;578;13.46;6.65;0.0035;13.46
CMH	8;NK;1261;13.96;5.6;0.0159;13.96
CMH	9;OH;421;14.88;6.79;0.0048;14.88
CMH	10;UA;1265;16.48;12.93;0.0142;16.48
CMH	11;AA;1733;19.22;13.69;0.0179;19.22
CMH	12;F9;126;20.49;16.56;0.0159;20.49
CMI	1;MQ;731;20.43;13.89;0.0274;20.43
CMX	1;OO;367;16.94;12.35;0.0681;16.94
CNY	1;OO;31;3.41;-1.86;0.0645;3.41
COD	1;OO;134;17.86;13.82;0.0149;17.86
COS	1;OO;2307;7.95;2.06;0.0169;7.95
COS	2;DL;210;8.0;1.7;0.0;8.0
COS	3;UA;354;9.25;8.98;0.0169;9.25
COS	4;WN;2509;10.87;5.62;0.0072;10.87
COS	5;AA;543;22.91;23.36;0.0331;22.91
COS	6;MQ;146;23.82;19.54;0.0068;23.82
COU	1;MQ;858;13.0;10.51;0.0361;13.0
CPR	1;OO;483;8.37;-1.43;0.0062;8.37
CRP	1;OO;32;2.59;-1.44;0.0;2.59
CRP	2;WN;662;8.21;2.6;0.0106;8.21
CRP	3;MQ;1255;12.65;12.69;0.0279;12.65
CRW	1;9E;101;0.95;-9.4;0.0;0.95
CRW	2;OH;728;13.4;9.9;0.0137;13.4
CRW	3;OO;839;30.04;24.13;0.0191;30.04
CSG	1;9E;112;4.08;-1.59;0.0;4.08
CSG	2;OO;398;18.41;13.59;0.0075;18.41
CVG	1;YX;2890;2.68;-3.07;0.0145;2.68
CVG	2;AS;175;5.98;0.05;0.0686;5.98
CVG	3;DL;3431;6.78;-1.67;0.0006;6.78
CVG	4;9E;3615;7.48;1.14;0.0119;7.48
CVG	5;UA;1055;8.5;4.92;0.0076;8.5
CVG	6;WN;1114;9.51;3.36;0.009;9.51
CVG	7;OO;147;12.14;3.37;0.0204;12.14
CVG	8;OH;1059;12.28;11.12;0.0066;12.28
CVG	9;MQ;1404;12.7;10.62;0.01;12.7
CVG	10;G4;1716;12.88;7.74;0.0047;12.88
CVG	11;F9;2492;17.87;12.88;0.0197;17.87
CVG	12;AA;1710;20.57;14.46;0.0216;20.57
CWA	1;9E;368;3.32;-3.9;0.0082;3.32
CYS	1;OO;341;11.03;-0.15;0.0323;11.03
DAB	1;DL;749;8.2;2.56;0.0;8.2
DAB	2;AA;315;11.96;6.98;0.0095;11.96
DAB	3;OH;399;12.07;5.81;0.015;12.07
DAB	4;MQ;9;15.0;10.56;0.0;15.0
DAL	1;AS;182;1.43;-4.69;0.0495;1.43
DAL	2;DL;1052;11.28;5.3;0.001;11.28
DAL	3;WN;35542;16.11;10.1;0.0151;16.11
DAY	1;YX;212;1.04;-1.48;0.0094;1.04
DAY	2;DL;552;2.3;-9.15;0.0036;2.3
DAY	3;9E;278;2.43;-8.25;0.0144;2.43
DAY	4;OH;1836;8.65;5.55;0.0114;8.65
DAY	5;OO;736;15.29;11.49;0.0163;15.29
DAY	6;MQ;94;21.79;15.28;0.0213;21.79
DAY	7;G4;147;27.96;22.97;0.0136;27.96
DCA	1;YX;13517;3.64;-2.61;0.0163;3.64
DCA	2;AS;920;6.55;-0.62;0.012;6.55
DCA	3;F9;551;10.45;-0.94;0.0145;10.45
DCA	4;DL;4510;10.52;1.74;0.0051;10.52
DCA	5;OO;112;11.27;1.18;0.0089;11.27
DCA	6;9E;1066;11.71;4.32;0.0141;11.71
DCA	7;OH;18052;11.94;6.86;0.0199;11.94
DCA	8;MQ;2267;12.88;6.85;0.0146;12.88
DCA	9;WN;7934;13.5;4.65;0.0151;13.5
DCA	10;UA;3101;13.51;6.08;0.0174;13.51
DCA	11;B6;4478;14.78;6.67;0.0134;14.78
DCA	12;AA;13937;19.27;13.03;0.0144;19.27
DDC	1;OO;314;20.69;19.21;0.0414;20.69
DEC	1;OO;467;33.91;27.16;0.0385;33.91
DEN	1;AS;980;9.2;6.71;0.0255;9.2
DEN	2;DL;6371;9.67;2.14;0.0013;9.67
DEN	3;OO;26395;11.42;6.73;0.02;11.42
DEN	4;UA;49910;14.47;9.63;0.0163;14.47
DEN	5;WN;49905;17.48;11.86;0.0119;17.48
DEN	6;G4;216;18.16;11.3;0.0185;18.16
DEN	7;F9;11823;18.17;12.57;0.0168;18.17
DEN	8;AA;4311;21.21;17.15;0.0169;21.21
DEN	9;MQ;28;22.14;21.21;0.0;22.14
DEN	10;B6;522;28.28;25.49;0.0077;28.28
DEN	11;NK;36;44.25;37.86;0.0;44.25
DFW	1;OO;9813;9.87;6.38;0.0308;9.87
DFW	2;MQ;34927;11.58;8.33;0.0247;11.58
DFW	3;AS;1089;16.08;15.27;0.034;16.08
DFW	4;DL;5969;18.02;11.58;0.0037;18.02
DFW	5;UA;3944;18.98;14.44;0.0188;18.98
DFW	6;NK;4913;20.03;14.42;0.013;20.03
DFW	7;OH;4559;21.8;18.25;0.034;21.8
DFW	8;F9;4793;25.73;24.14;0.0334;25.73
DFW	9;AA;83176;27.58;23.14;0.0267;27.58
DFW	10;YX;18;36.89;25.06;0.0;36.89
DFW	11;B6;184;44.93;45.62;0.0109;44.93
DHN	1;9E;260;9.17;4.82;0.0;9.17
DHN	2;OO;108;13.87;14.03;0.0;13.87
DIK	1;OO;334;12.21;-0.69;0.0389;12.21
DLG	1;AS;20;-5.95;-3.05;0.05;-5.95
DLH	1;9E;85;1.36;-0.72;0.0;1.36
DLH	2;YX;159;5.27;-2.27;0.0126;5.27
DLH	3;DL;31;7.1;1.68;0.0;7.1
DLH	4;OO;700;19.99;13.49;0.0143;19.99
DRO	1;OO;1349;11.04;10.13;0.0119;11.04
DRO	2;UA;361;12.88;3.49;0.0139;12.88
DRO	3;AA;4;19.0;10.25;0.0;19.0
DSM	1;YX;518;3.6;0.56;0.0193;3.6
DSM	2;9E;1307;8.52;1.36;0.0161;8.52
DSM	3;UA;911;8.86;6.79;0.0165;8.86
DSM	4;MQ;349;12.52;9.51;0.043;12.52
DSM	5;WN;893;12.89;6.58;0.019;12.89
DSM	6;OH;275;13.61;11.57;0.0327;13.61
DSM	7;DL;551;16.21;6.92;0.0054;16.21
DSM	8;OO;484;19.98;16.02;0.0248;19.98
DSM	9;F9;139;22.01;17.55;0.0288;22.01
DSM	10;G4;857;23.5;18.13;0.021;23.5
DSM	11;AA;1352;30.98;26.25;0.0222;30.98
DTW	1;YX;2188;3.53;-1.19;0.0183;3.53
DTW	2;9E;6691;6.18;1.62;0.0063;6.18
DTW	3;UA;1034;6.88;0.65;0.0184;6.88
DTW	4;AS;241;8.77;6.45;0.029;8.77
DTW	5;NK;5344;9.35;0.85;0.0127;9.35
DTW	6;OH;537;10.19;5.95;0.0186;10.19
DTW	7;WN;2002;10.53;3.5;0.0105;10.53
DTW	8;MQ;242;11.02;11.37;0.0331;11.02
DTW	9;DL;29139;11.35;5.24;0.0031;11.35
DTW	10;B6;641;12.58;9.7;0.0078;12.58
DTW	11;OO;11370;17.7;13.31;0.0123;17.7
DTW	12;AA;2820;19.18;14.01;0.0227;19.18
DTW	13;F9;1225;23.37;15.86;0.0294;23.37
DVL	1;OO;340;19.69;14.11;0.0559;19.69
ECP	1;DL;1126;5.35;-0.33;0.0018;5.35
ECP	2;WN;1579;10.12;6.63;0.0057;10.12
ECP	3;OO;135;10.74;5.22;0.0148;10.74
ECP	4;OH;472;16.6;15.77;0.0021;16.6
ECP	5;MQ;359;18.89;17.19;0.0195;18.89
ECP	6;YX;15;25.2;20.93;0.0;25.2
ECP	7;AA;492;31.51;29.17;0.0183;31.51
ECP	8;9E;24;36.92;35.21;0.0;36.92
EGE	1;DL;159;10.27;-0.27;0.0063;10.27
EGE	2;OO;992;11.65;5.5;0.0131;11.65
EGE	3;UA;408;14.58;9.03;0.0098;14.58
EGE	4;AA;910;37.62;36.01;0.0132;37.62
EKO	1;OO;184;1.15;-4.44;0.0054;1.15
ELM	1;G4;143;19.06;10.85;0.0;19.06
ELM	2;OO;361;32.47;25.48;0.0055;32.47
ELP	1;UA;135;7.4;0.78;0.0074;7.4
ELP	2;OO;1060;7.45;5.2;0.0085;7.45
ELP	3;WN;4259;9.78;4.1;0.0068;9.78
ELP	4;DL;353;11.06;4.02;0.0028;11.06
ELP	5;G4;39;15.47;12.18;0.0256;15.47
ELP	6;MQ;790;15.71;12.57;0.0139;15.71
ELP	7;F9;318;16.91;13.84;0.0157;16.91
ELP	8;AA;1323;21.01;19.37;0.0257;21.01
ESC	1;OO;314;8.39;-1.2;0.0127;8.39
EUG	1;G4;178;4.43;1.82;0.0169;4.43
EUG	2;AS;120;6.68;2.39;0.0583;6.68
EUG	3;OO;1222;8.35;4.06;0.0237;8.35
EUG	4;WN;977;9.2;1.72;0.0287;9.2
EUG	5;AA;357;13.31;9.07;0.0364;13.31
EUG	6;UA;730;17.51;13.14;0.0301;17.51
EVV	1;9E;243;4.09;-2.38;0.0082;4.09
EVV	2;MQ;396;9.96;8.32;0.0126;9.96
EVV	3;OO;242;19.76;17.32;0.0041;19.76
EVV	4;G4;74;30.94;23.89;0.0405;30.94
EVV	5;DL;25;36.21;26.29;0.04;36.21
EWR	1;OO;1;-4.0;9.0;0.0;-4.0
EWR	2;YX;11064;2.58;-7.83;0.0279;2.58
EWR	3;G4;283;8.21;-5.54;0.0;8.21
EWR	4;UA;35297;14.22;5.99;0.0263;14.22
EWR	5;AS;1502;14.31;5.64;0.0406;14.31
EWR	6;NK;5363;15.18;4.79;0.0216;15.18
EWR	7;DL;3222;15.84;8.58;0.0022;15.84
EWR	8;MQ;553;16.46;7.89;0.0524;16.46
EWR	9;9E;819;16.86;11.75;0.0305;16.86
EWR	10;B6;2844;17.0;8.76;0.0165;17.0
EWR	11;AA;3331;22.5;11.56;0.0252;22.5
EWR	12;F9;7;112.14;118.43;0.0;112.14
EYW	1;YX;697;10.33;7.2;0.0215;10.33
EYW	2;UA;490;11.31;10.05;0.0143;11.31
EYW	3;9E;134;17.27;16.9;0.0;17.27
EYW	4;MQ;984;18.13;16.6;0.0203;18.13
EYW	5;DL;613;20.36;16.67;0.0033;20.36
EYW	6;G4;318;26.51;23.99;0.0283;26.51
EYW	7;B6;120;39.38;25.85;0.025;39.38
EYW	8;AA;1102;47.89;46.91;0.0236;47.89
FAI	1;AS;1321;2.12;-1.19;0.0144;2.12
FAI	2;UA;103;10.83;-1.52;0.0194;10.83
FAI	3;DL;236;15.14;7.4;0.0085;15.14
FAR	1;DL;353;2.79;-6.35;0.0057;2.79
FAR	2;G4;377;5.29;-4.84;0.0;5.29
FAR	3;F9;175;8.95;1.66;0.0171;8.95
FAR	4;9E;141;8.96;0.55;0.0071;8.96
FAR	5;OO;1390;14.86;10.52;0.018;14.86
FAR	6;MQ;841;17.27;9.33;0.0143;17.27
FAT	1;MQ;19;-1.58;-4.89;0.0;-1.58
FAT	2;AS;164;3.04;-0.33;0.0366;3.04
FAT	3;OO;3142;7.74;3.03;0.0045;7.74
FAT	4;G4;289;7.91;10.57;0.0;7.91
FAT	5;WN;736;14.62;10.06;0.0014;14.62
FAT	6;DL;26;15.19;2.5;0.0;15.19
FAT	7;UA;127;18.25;9.54;0.0157;18.25
FAT	8;AA;1123;24.41;20.28;0.0178;24.41
FAY	1;DL;189;3.29;-6.22;0.0;3.29
FAY	2;OH;282;6.38;0.79;0.0177;6.38
FAY	3;9E;119;8.79;0.02;0.0;8.79
FAY	4;OO;60;44.88;40.34;0.0167;44.88
FCA	1;OO;648;5.62;1.0;0.0185;5.62
FCA	2;DL;369;10.84;6.98;0.0054;10.84
FCA	3;UA;424;14.77;9.89;0.0189;14.77
FCA	4;G4;104;32.37;31.87;0.0192;32.37
FCA	5;MQ;34;37.97;29.21;0.0;37.97
FCA	6;AA;87;43.56;34.47;0.0;43.56
FLG	1;OO;823;14.74;12.47;0.0073;14.74
FLL	1;UA;4540;13.24;7.69;0.0322;13.24
FLL	2;DL;6447;16.14;10.73;0.0054;16.14
FLL	3;AS;680;16.34;12.64;0.1059;16.34
FLL	4;B6;10001;19.32;14.17;0.0167;19.32
FLL	5;WN;8253;19.46;16.01;0.0149;19.46
FLL	6;9E;14;19.64;19.64;0.0;19.64
FLL	7;G4;1832;20.86;18.6;0.0169;20.86
FLL	8;NK;13335;20.97;16.94;0.016;20.97
FLL	9;F9;938;24.57;19.74;0.0384;24.57
FLL	10;AA;3706;24.79;21.85;0.0192;24.79
FNT	1;G4;781;5.61;-1.58;0.0038;5.61
FNT	2;OO;352;25.92;22.11;0.0341;25.92
FOD	1;OO;314;17.88;12.68;0.0318;17.88
FSD	1;YX;31;-8.42;-10.16;0.0;-8.42
FSD	2;UA;348;2.68;0.32;0.0115;2.68
FSD	3;9E;203;7.07;3.8;0.0099;7.07
FSD	4;OO;1251;9.29;1.89;0.0144;9.29
FSD	5;MQ;453;11.37;5.31;0.0177;11.37
FSD	6;F9;105;16.56;16.41;0.0;16.56
FSD	7;G4;547;16.61;9.97;0.0055;16.61
FSD	8;DL;299;17.56;12.04;0.0;17.56
FSD	9;AA;291;19.72;12.58;0.0137;19.72
FSM	1;MQ;452;17.58;17.15;0.031;17.58
FSM	2;OO;120;20.68;14.42;0.05;20.68
FWA	1;9E;233;10.96;-2.95;0.0343;10.96
FWA	2;MQ;428;12.41;9.71;0.0093;12.41
FWA	3;G4;433;21.66;14.92;0.0115;21.66
FWA	4;OO;1006;23.64;16.98;0.0229;23.64
GCC	1;OO;367;7.61;0.49;0.0191;7.61
GCK	1;MQ;277;17.12;16.03;0.0253;17.12
GCK	2;OO;91;18.25;17.8;0.0879;18.25
GEG	1;UA;456;0.27;-7.08;0.0197;0.27
GEG	2;AS;1089;2.27;-0.35;0.0321;2.27
GEG	3;OO;2907;3.81;0.69;0.0058;3.81
GEG	4;DL;1399;6.31;-1.94;0.0014;6.31
GEG	5;WN;1737;6.58;0.54;0.0017;6.58
GEG	6;G4;116;14.53;10.05;0.0172;14.53
GEG	7;AA;747;26.08;18.64;0.012;26.08
GFK	1;9E;50;4.54;-6.26;0.0;4.54
GFK	2;OO;499;6.77;1.53;0.012;6.77
GFK	3;G4;113;8.44;2.91;0.0088;8.44
GGG	1;OO;307;12.03;8.14;0.0098;12.03
GGG	2;MQ;60;34.81;35.6;0.05;34.81
GJT	1;MQ;253;6.0;5.25;0.004;6.0
GJT	2;UA;360;6.41;-2.28;0.0056;6.41
GJT	3;OO;1105;12.92;11.37;0.0136;12.92
GJT	4;G4;63;38.3;39.32;0.0;38.3
GNV	1;DL;781;3.74;-3.05;0.0051;3.74
GNV	2;MQ;305;5.75;2.47;0.0164;5.75
GNV	3;9E;81;7.57;0.78;0.0;7.57
GNV	4;OH;241;34.04;21.95;0.0207;34.04
GPT	1;9E;18;-1.67;-9.67;0.0;-1.67
GPT	2;OO;102;7.89;1.66;0.0098;7.89
GPT	3;OH;560;8.36;6.39;0.0036;8.36
GPT	4;DL;552;9.28;3.65;0.0091;9.28
GPT	5;MQ;377;17.88;14.47;0.0318;17.88
GPT	6;G4;14;41.64;39.14;0.0;41.64
GRB	1;9E;72;1.47;-10.35;0.0;1.47
GRB	2;YX;136;3.34;-1.76;0.0074;3.34
GRB	3;MQ;260;11.89;8.22;0.0269;11.89
GRB	4;OO;1474;17.52;12.65;0.0224;17.52
GRB	5;DL;184;18.8;10.9;0.0;18.8
GRB	6;F9;94;25.16;17.53;0.0319;25.16
GRI	1;OO;368;17.65;12.77;0.0245;17.65
GRI	2;G4;108;18.98;12.91;0.0185;18.98
GRK	1;MQ;554;15.21;12.95;0.0235;15.21
GRK	2;OO;272;20.41;19.53;0.0515;20.41
GRR	1;YX;942;1.29;-7.3;0.0234;1.29
GRR	2;9E;547;3.39;-3.63;0.0347;3.39
GRR	3;DL;1525;5.14;-4.01;0.0033;5.14
GRR	4;UA;672;7.44;1.33;0.0164;7.44
GRR	5;MQ;361;10.15;6.85;0.0305;10.15
GRR	6;WN;1018;10.81;6.93;0.0098;10.81
GRR	7;G4;1141;11.29;3.68;0.0079;11.29
GRR	8;OH;383;14.32;15.18;0.0157;14.32
GRR	9;OO;999;17.31;13.45;0.035;17.31
GRR	10;AA;1285;19.45;14.95;0.0163;19.45
GRR	11;F9;459;34.18;27.78;0.0305;34.18
GSO	1;DL;1168;2.24;-6.18;0.0;2.24
GSO	2;9E;743;2.39;-5.49;0.0242;2.39
GSO	3;YX;780;4.14;-1.47;0.0321;4.14
GSO	4;OH;1171;4.56;0.36;0.0102;4.56
GSO	5;OO;506;7.25;6.12;0.0099;7.25
GSO	6;MQ;662;10.41;7.84;0.0091;10.41
GSO	7;AA;739;24.42;21.09;0.0311;24.42
GSO	8;G4;77;33.18;31.38;0.013;33.18
GSP	1;YX;1010;2.97;-4.53;0.0248;2.97
GSP	2;DL;1289;3.72;-5.12;0.0023;3.72
GSP	3;UA;232;3.76;0.97;0.0086;3.76
GSP	4;OO;578;6.27;2.09;0.0156;6.27
GSP	5;WN;724;6.7;-0.83;0.0028;6.7
GSP	6;OH;1911;6.81;4.65;0.012;6.81
GSP	7;9E;575;8.75;1.14;0.0261;8.75
GSP	8;MQ;759;12.15;11.56;0.0132;12.15
GSP	9;G4;164;21.65;18.38;0.0183;21.65
GSP	10;AA;671;33.8;27.53;0.0209;33.8
GST	1;AS;32;-12.44;-14.31;0.0;-12.44
GTF	1;OO;1130;7.06;2.67;0.0071;7.06
GTF	2;UA;72;15.25;4.23;0.0139;15.25
GTF	3;G4;91;53.62;50.63;0.011;53.62
GTR	1;9E;368;3.57;-3.85;0.0163;3.57
GUC	1;OO;337;9.49;4.98;0.0119;9.49
GUC	2;AA;101;23.2;23.56;0.0;23.2
GUM	1;UA;368;1.71;-11.73;0.0027;1.71
HDN	1;MQ;13;2.69;4.08;0.0;2.69
HDN	2;WN;416;8.54;3.72;0.0144;8.54
HDN	3;UA;491;10.69;5.18;0.0143;10.69
HDN	4;OO;381;10.9;4.85;0.0105;10.9
HDN	5;DL;112;12.78;6.03;0.0;12.78
HDN	6;AA;162;43.14;45.41;0.0;43.14
HDN	7;B6;60;104.0;103.37;0.0167;104.0
HGR	1;G4;129;23.72;20.38;0.0155;23.72
HHH	1;MQ;539;11.96;7.4;0.0186;11.96
HHH	2;YX;346;16.09;12.55;0.0202;16.09
HIB	1;OO;314;10.83;3.59;0.0064;10.83
HLN	1;OO;815;12.93;10.02;0.0098;12.93
HNL	1;WN;7470;3.43;-3.31;0.0044;3.43
HNL	2;AA;1195;6.07;-8.23;0.0008;6.07
HNL	3;HA;15904;7.22;5.99;0.0128;7.22
HNL	4;UA;2572;8.68;-3.09;0.0113;8.68
HNL	5;DL;1840;11.76;-1.08;0.0011;11.76
HNL	6;AS;2133;15.8;7.75;0.0483;15.8
HOB	1;OO;80;37.65;34.55;0.025;37.65
HOU	1;OO;39;12.19;23.62;0.0513;12.19
HOU	2;WN;26736;14.73;7.54;0.0099;14.73
HOU	3;OH;56;15.13;8.22;0.0179;15.13
HOU	4;MQ;1004;16.0;13.04;0.0508;16.0
HOU	5;DL;758;16.12;10.32;0.0013;16.12
HOU	6;F9;207;21.24;14.74;0.0386;21.24
HOU	7;G4;196;28.5;26.35;0.0153;28.5
HPN	1;YX;59;7.47;1.05;0.0;7.47
HPN	2;MQ;650;9.2;2.32;0.0246;9.2
HPN	3;B6;2574;9.8;3.83;0.0124;9.8
HPN	4;9E;499;12.23;1.68;0.008;12.23
HPN	5;OH;1367;12.75;8.73;0.0205;12.75
HPN	6;DL;617;16.86;5.96;0.0049;16.86
HPN	7;OO;533;36.05;26.79;0.0225;36.05
HRL	1;DL;127;3.32;-5.5;0.0079;3.32
HRL	2;OO;129;4.98;-1.98;0.0155;4.98
HRL	3;WN;1068;10.29;7.08;0.0056;10.29
HRL	4;MQ;767;11.23;9.38;0.0261;11.23
HSV	1;YX;117;1.15;-4.73;0.0342;1.15
HSV	2;DL;894;1.61;-7.92;0.0034;1.61
HSV	3;9E;446;9.2;4.93;0.0157;9.2
HSV	4;OO;587;12.69;9.7;0.0221;12.69
HSV	5;OH;1383;15.14;14.91;0.0239;15.14
HSV	6;MQ;1084;17.62;13.59;0.024;17.62
HTS	1;G4;199;47.27;45.74;0.0352;47.27
HYA	1;YX;37;21.68;30.14;0.0;21.68
HYA	2;B6;41;32.59;34.28;0.0488;32.59
HYS	1;OO;357;14.18;8.59;0.028;14.18
IAD	1;F9;1;-31.0;6.0;0.0;-31.0
IAD	2;YX;3970;3.33;-3.56;0.0103;3.33
IAD	3;MQ;26;3.96;8.24;0.0385;3.96
IAD	4;9E;237;5.58;-1.88;0.0042;5.58
IAD	5;UA;15860;9.54;3.87;0.0183;9.54
IAD	6;DL;1602;9.84;-0.94;0.0025;9.84
IAD	7;AS;1005;10.23;7.3;0.0239;10.23
IAD	8;WN;512;12.13;4.29;0.0039;12.13
IAD	9;OH;817;13.34;5.26;0.0073;13.34
IAD	10;OO;1170;15.5;9.74;0.0197;15.5
IAD	11;AA;361;15.77;9.64;0.0222;15.77
IAD	12;G4;205;35.95;27.6;0.0049;35.95
IAG	1;G4;233;22.94;16.02;0.0129;22.94
IAH	1;AS;447;11.88;8.8;0.0358;11.88
IAH	2;WN;2455;12.71;6.96;0.0126;12.71
IAH	3;DL;4019;14.87;8.45;0.003;14.87
IAH	4;MQ;889;18.67;12.58;0.0326;18.67
IAH	5;NK;4413;18.83;13.6;0.0125;18.83
IAH	6;OO;6241;19.82;15.22;0.0328;19.82
IAH	7;UA;33525;19.92;15.32;0.0207;19.92
IAH	8;YX;34;28.47;21.21;0.0;28.47
IAH	9;AA;3340;29.92;25.89;0.0243;29.92
IAH	10;B6;368;30.64;24.52;0.0245;30.64
IAH	11;F9;1326;37.35;35.9;0.0264;37.35
ICT	1;9E;118;3.58;1.48;0.0;3.58
ICT	2;WN;882;4.5;-0.36;0.0045;4.5
ICT	3;UA;272;6.29;9.39;0.0147;6.29
ICT	4;DL;402;10.49;3.92;0.0025;10.49
ICT	5;MQ;1334;12.02;8.04;0.0232;12.02
ICT	6;G4;185;14.17;5.29;0.0;14.17
ICT	7;OO;1430;16.35;12.19;0.0119;16.35
ICT	8;AA;292;32.05;29.55;0.0308;32.05
IDA	1;OO;1356;11.05;3.81;0.0074;11.05
IDA	2;G4;223;14.97;12.22;0.0;14.97
ILM	1;OO;25;0.2;-6.72;0.0;0.2
ILM	2;YX;522;7.05;5.85;0.0249;7.05
ILM	3;9E;523;8.18;0.92;0.0153;8.18
ILM	4;MQ;382;8.33;5.34;0.0105;8.33
ILM	5;OH;985;9.03;8.27;0.0112;9.03
ILM	6;DL;348;11.93;5.19;0.0029;11.93
ILM	7;AA;739;13.9;7.28;0.0108;13.9
IMT	1;OO;367;13.51;9.73;0.0054;13.51
IND	1;YX;6055;1.88;-3.2;0.0122;1.88
IND	2;9E;1294;5.64;-2.47;0.0193;5.64
IND	3;DL;2082;7.01;-0.41;0.0019;7.01
IND	4;UA;1144;8.81;4.4;0.0219;8.81
IND	5;OH;166;9.31;4.42;0.0181;9.31
IND	6;MQ;489;9.92;4.75;0.0348;9.92
IND	7;AS;236;11.06;10.51;0.0381;11.06
IND	8;WN;5959;12.62;6.32;0.0065;12.62
IND	9;G4;775;13.66;10.11;0.0026;13.66
IND	10;NK;1330;17.71;10.39;0.0226;17.71
IND	11;AA;3181;18.37;14.01;0.0123;18.37
IND	12;OO;596;19.17;12.58;0.0268;19.17
IND	13;F9;404;19.93;13.59;0.0248;19.93
INL	1;OO;319;5.97;-2.49;0.0157;5.97
ISP	1;WN;1524;11.41;2.03;0.0085;11.41
ISP	2;F9;1148;18.31;6.84;0.0314;18.31
ITH	1;YX;60;5.64;-9.97;0.0167;5.64
ITH	2;9E;368;6.48;-9.05;0.0353;6.48
ITO	1;WN;920;-2.44;-3.64;0.0;-2.44
ITO	2;HA;2533;5.34;6.47;0.0071;5.34
JAC	1;AS;76;2.31;3.41;0.0658;2.31
JAC	2;OO;472;11.32;6.34;0.0212;11.32
JAC	3;DL;676;12.73;4.58;0.003;12.73
JAC	4;UA;1100;20.77;15.28;0.0218;20.77
JAC	5;AA;478;52.56;45.5;0.0126;52.56
JAN	1;DL;1061;4.57;-1.81;0.0009;4.57
JAN	2;WN;1038;10.85;5.21;0.0077;10.85
JAN	3;OO;140;11.62;6.73;0.0143;11.62
JAN	4;9E;14;16.86;10.21;0.0;16.86
JAN	5;OH;611;18.58;15.23;0.0262;18.58
JAN	6;MQ;604;21.94;19.64;0.0265;21.94
JAX	1;OO;156;6.73;3.84;0.0256;6.73
JAX	2;9E;513;6.74;-1.27;0.0195;6.74
JAX	3;DL;2854;7.92;2.12;0.0021;7.92
JAX	4;WN;2351;8.68;3.99;0.0064;8.68
JAX	5;YX;678;9.79;3.57;0.0133;9.79
JAX	6;UA;1878;10.51;5.4;0.0096;10.51
JAX	7;MQ;542;11.81;10.29;0.0111;11.81
JAX	8;G4;375;14.33;11.35;0.0027;14.33
JAX	9;OH;554;16.67;13.7;0.0108;16.67
JAX	10;F9;558;16.84;13.41;0.0287;16.84
JAX	11;B6;836;17.75;12.24;0.0227;17.75
JAX	12;AA;3898;18.95;17.14;0.0164;18.95
JFK	1;YX;7992;2.93;-4.91;0.0229;2.93
JFK	2;HA;184;7.13;4.1;0.0054;7.13
JFK	3;9E;8907;8.47;0.15;0.0284;8.47
JFK	4;AS;1818;9.61;1.9;0.055;9.61
JFK	5;AA;7408;10.5;-1.25;0.0097;10.5
JFK	6;DL;15071;12.55;0.7;0.0031;12.55
JFK	7;B6;17980;21.57;13.44;0.0179;21.57
JFK	8;OO;1341;25.66;15.81;0.0388;25.66
JFK	9;F9;53;70.52;76.46;0.0566;70.52
JLN	1;OO;314;18.77;11.63;0.0255;18.77
JMS	1;OO;277;15.73;11.09;0.0866;15.73
JNU	1;AS;2231;1.0;-0.2;0.0193;1.0
JNU	2;DL;25;41.84;30.64;0.0;41.84
JST	1;OO;368;14.96;5.86;0.0408;14.96
KOA	1;WN;1707;-0.37;-5.75;0.0059;-0.37
KOA	2;DL;368;1.41;-9.29;0.0163;1.41
KOA	3;HA;3900;5.1;5.31;0.011;5.1
KOA	4;UA;832;9.93;-0.84;0.0132;9.93
KOA	5;AS;989;11.88;3.44;0.0607;11.88
KOA	6;AA;375;25.87;13.19;0.0;25.87
KTN	1;AS;1198;-1.46;-4.99;0.0259;-1.46
KTN	2;OO;26;21.5;28.54;0.0769;21.5
LAN	1;9E;60;5.44;-1.54;0.0167;5.44
LAN	2;OH;152;19.2;20.54;0.0197;19.2
LAN	3;OO;450;23.14;19.05;0.0133;23.14
LAR	1;OO;314;8.36;8.42;0.051;8.36
LAS	1;G4;3740;7.06;2.53;0.0059;7.06
LAS	2;NK;12660;7.81;1.9;0.0084;7.81
LAS	3;DL;8045;8.68;0.73;0.0007;8.68
LAS	4;UA;7171;11.18;5.15;0.0229;11.18
LAS	5;AS;2714;11.31;8.61;0.0339;11.31
LAS	6;OO;990;12.24;11.64;0.0091;12.24
LAS	7;WN;43042;15.55;8.39;0.0072;15.55
LAS	8;F9;6330;17.57;14.78;0.0139;17.57
LAS	9;HA;703;20.71;21.41;0.0057;20.71
LAS	10;AA;6822;22.44;15.52;0.013;22.44
LAS	11;B6;1444;25.64;15.78;0.0083;25.64
LAS	12;MQ;12;44.5;43.0;0.0;44.5
LAW	1;OO;397;14.99;11.86;0.0504;14.99
LAW	2;MQ;151;16.71;9.8;0.0265;16.71
LAX	1;OO;19285;5.74;4.55;0.0048;5.74
LAX	2;AS;4560;6.58;3.37;0.032;6.58
LAX	3;HA;1153;8.35;7.63;0.0173;8.35
LAX	4;UA;12935;9.81;1.52;0.0244;9.81
LAX	5;NK;5503;10.27;1.82;0.0071;10.27
LAX	6;DL;17821;11.17;6.68;0.001;11.17
LAX	7;G4;469;12.36;9.45;0.0043;12.36
LAX	8;B6;5123;12.67;5.43;0.0031;12.67
LAX	9;WN;12959;13.78;9.01;0.0064;13.78
LAX	10;AA;15133;20.64;13.89;0.0067;20.64
LAX	11;F9;419;45.69;48.02;0.0406;45.69
LBB	1;WN;1315;8.15;-0.15;0.0122;8.15
LBB	2;MQ;934;13.24;11.61;0.0385;13.24
LBB	3;OO;534;16.0;16.03;0.03;16.0
LBB	4;AA;263;36.61;37.2;0.0304;36.61
LBE	1;NK;267;7.5;-1.19;0.0075;7.5
LBF	1;OO;315;10.1;9.7;0.0317;10.1
LBL	1;OO;253;14.99;11.89;0.0237;14.99
LCH	1;OO;504;23.6;21.09;0.0278;23.6
LCH	2;MQ;44;47.95;50.48;0.0909;47.95
LCK	1;G4;494;15.06;10.13;0.0101;15.06
LEX	1;9E;149;1.13;-4.53;0.0;1.13
LEX	2;YX;348;2.05;-0.15;0.0057;2.05
LEX	3;DL;816;5.17;-6.96;0.0049;5.17
LEX	4;OH;891;9.53;6.17;0.0045;9.53
LEX	5;MQ;525;11.89;6.59;0.0248;11.89
LEX	6;OO;929;13.44;7.93;0.0161;13.44
LEX	7;G4;405;18.74;14.64;0.0148;18.74
LEX	8;AA;402;43.39;38.22;0.0323;43.39
LFT	1;9E;451;6.52;2.11;0.0089;6.52
LFT	2;MQ;167;11.81;10.45;0.012;11.81
LFT	3;OO;288;13.77;7.66;0.0174;13.77
LFT	4;OH;656;25.79;24.17;0.0442;25.79
LFT	5;NK;1;73.0;59.0;0.0;73.0
LGA	1;YX;19506;3.07;-5.66;0.0254;3.07
LGA	2;9E;16632;7.54;-3.79;0.0303;7.54
LGA	3;UA;3979;9.68;0.2;0.0188;9.68
LGA	4;DL;13205;13.87;3.06;0.0067;13.87
LGA	5;WN;5775;15.83;1.99;0.0194;15.83
LGA	6;NK;4012;16.11;5.49;0.0264;16.11
LGA	7;AA;8744;16.86;8.31;0.024;16.86
LGA	8;B6;5652;17.69;8.06;0.018;17.69
LGA	9;OO;2177;23.02;15.41;0.034;23.02
LGA	10;F9;1047;36.42;27.33;0.0353;36.42
LGB	1;HA;299;2.11;-3.97;0.0067;2.11
LGB	2;OO;370;6.32;0.71;0.0;6.32
LGB	3;WN;8121;8.06;1.15;0.0064;8.06
LGB	4;DL;168;9.98;3.96;0.006;9.98
LIH	1;DL;368;-0.01;-13.38;0.0082;-0.01
LIH	2;WN;1681;1.24;-4.43;0.0018;1.24
LIH	3;UA;570;4.32;-4.46;0.0018;4.32
LIH	4;HA;4387;4.78;4.29;0.0162;4.78
LIH	5;AA;375;12.51;-2.11;0.0;12.51
LIH	6;AS;609;16.73;8.51;0.0148;16.73
LIT	1;F9;60;0.86;-0.31;0.0333;0.86
LIT	2;DL;983;2.77;-3.18;0.0;2.77
LIT	3;YX;287;5.1;3.03;0.0105;5.1
LIT	4;WN;1352;8.99;2.84;0.0044;8.99
LIT	5;9E;103;10.36;9.87;0.0291;10.36
LIT	6;MQ;1821;17.35;15.53;0.0181;17.35
LIT	7;OO;895;19.7;17.01;0.0235;19.7
LIT	8;OH;276;32.35;27.36;0.0326;32.35
LIT	9;AA;334;32.58;29.49;0.009;32.58
LIT	10;G4;44;32.82;26.57;0.0;32.82
LNK	1;OO;591;21.74;17.08;0.0085;21.74
LRD	1;OO;36;13.83;18.94;0.0;13.83
LRD	2;MQ;770;16.41;15.4;0.0286;16.41
LRD	3;G4;61;21.81;19.03;0.0328;21.81
LSE	1;MQ;73;15.73;10.07;0.0274;15.73
LWS	1;OO;551;13.89;9.85;0.0091;13.89
MAF	1;UA;34;-1.42;-0.55;0.0294;-1.42
MAF	2;WN;1847;10.59;4.92;0.0119;10.59
MAF	3;OO;1430;12.94;9.74;0.0182;12.94
MAF	4;MQ;1315;15.01;13.96;0.0357;15.01
MBS	1;9E;82;-2.91;-8.0;0.0;-2.91
MBS	2;OO;960;17.04;12.83;0.0292;17.04
MCI	1;AS;365;2.41;2.82;0.0219;2.41
MCI	2;DL;3116;4.89;-1.46;0.0019;4.89
MCI	3;YX;786;4.93;2.15;0.014;4.93
MCI	4;UA;1837;6.72;4.03;0.0147;6.72
MCI	5;MQ;586;9.75;5.2;0.0205;9.75
MCI	6;9E;749;11.18;4.51;0.028;11.18
MCI	7;WN;12138;11.23;5.4;0.0133;11.23
MCI	8;F9;222;11.55;9.26;0.0135;11.55
MCI	9;OO;618;13.48;11.68;0.021;13.48
MCI	10;G4;125;14.94;10.92;0.008;14.94
MCI	11;NK;749;14.98;7.91;0.0107;14.98
MCI	12;AA;2860;21.39;21.02;0.0178;21.39
MCI	13;OH;295;27.97;25.05;0.0441;27.97
MCI	14;B6;164;29.03;28.44;0.0061;29.03
MCO	1;UA;7300;13.65;8.4;0.0289;13.65
MCO	2;AS;1457;14.16;12.3;0.0515;14.16
MCO	3;DL;11298;15.4;9.87;0.0027;15.4
MCO	4;F9;10011;15.79;11.7;0.0173;15.79
MCO	5;WN;23934;17.21;12.73;0.0109;17.21
MCO	6;NK;13339;17.83;13.63;0.0124;17.83
MCO	7;AA;9366;20.88;18.52;0.0125;20.88
MCO	8;B6;8789;22.23;16.3;0.0124;22.23
MCO	9;G4;56;46.07;52.05;0.0;46.07
MCW	1;OO;314;21.6;17.45;0.0446;21.6
MDT	1;YX;260;-2.09;-12.95;0.0115;-2.09
MDT	2;DL;311;4.56;-6.34;0.0032;4.56
MDT	3;9E;244;5.24;-6.4;0.0123;5.24
MDT	4;OH;330;5.27;1.44;0.0061;5.27
MDT	5;UA;183;7.55;2.74;0.0109;7.55
MDT	6;G4;437;11.03;4.98;0.0069;11.03
MDT	7;OO;387;14.84;9.49;0.0207;14.84
MDT	8;AA;419;22.52;17.52;0.0095;22.52
MDT	9;F9;68;28.44;18.85;0.0294;28.44
MDW	1;DL;717;9.47;1.28;0.0056;9.47
MDW	2;WN;35701;13.92;7.86;0.016;13.92
MDW	3;OO;1003;15.26;11.36;0.011;15.26
MDW	4;G4;231;19.54;14.86;0.0087;19.54
MDW	5;F9;1946;27.73;19.85;0.0247;27.73
MEI	1;OO;314;22.13;17.32;0.0318;22.13
MEM	1;DL;2235;5.4;-1.84;0.0067;5.4
MEM	2;YX;1414;5.97;-0.02;0.017;5.97
MEM	3;MQ;749;7.71;2.94;0.016;7.71
MEM	4;UA;772;9.4;5.18;0.0117;9.4
MEM	5;9E;454;9.98;5.6;0.0242;9.98
MEM	6;OH;299;12.85;6.5;0.0067;12.85
MEM	7;WN;1789;13.55;7.19;0.0056;13.55
MEM	8;NK;489;14.5;3.02;0.0102;14.5
MEM	9;F9;100;16.07;13.04;0.01;16.07
MEM	10;G4;288;17.13;10.78;0.0035;17.13
MEM	11;OO;354;20.73;15.9;0.0311;20.73
MEM	12;AA;2202;22.31;19.82;0.0254;22.31
MFE	1;UA;267;4.3;-3.31;0.0337;4.3
MFE	2;MQ;325;12.97;13.93;0.0308;12.97
MFE	3;G4;233;18.22;10.89;0.0086;18.22
MFE	4;AA;847;24.46;23.47;0.0331;24.46
MFE	5;OO;327;36.38;36.21;0.0214;36.38
MFR	1;OO;1388;7.14;2.63;0.0036;7.14
MFR	2;UA;614;14.14;6.5;0.0081;14.14
MFR	3;G4;165;20.12;17.48;0.0121;20.12
MGM	1;9E;300;9.44;3.71;0.0;9.44
MGM	2;MQ;236;10.36;5.4;0.0042;10.36
MGM	3;OO;387;17.68;12.04;0.0026;17.68
MGM	4;OH;312;22.65;22.1;0.0417;22.65
MHK	1;MQ;441;11.74;3.74;0.0227;11.74
MHT	1;YX;40;0.95;-6.64;0.025;0.95
MHT	2;MQ;55;1.54;-2.04;0.0182;1.54
MHT	3;WN;1314;8.76;1.55;0.0068;8.76
MHT	4;OH;920;10.28;7.59;0.012;10.28
MHT	5;AA;121;24.55;18.3;0.0;24.55
MHT	6;NK;127;26.32;14.31;0.0394;26.32
MIA	1;MQ;7343;8.94;8.34;0.015;8.94
MIA	2;NK;3477;12.96;9.17;0.0167;12.96
MIA	3;YX;369;14.43;7.25;0.0271;14.43
MIA	4;AS;290;15.31;12.48;0.0828;15.31
MIA	5;WN;3458;17.15;14.89;0.0174;17.15
MIA	6;UA;3597;19.6;15.49;0.0395;19.6
MIA	7;F9;2050;21.37;17.79;0.022;21.37
MIA	8;DL;5945;21.81;18.98;0.0069;21.81
MIA	9;B6;1240;25.62;22.58;0.0242;25.62
MIA	10;AA;30718;27.0;22.39;0.0179;27.0
MIA	11;9E;7;28.71;31.14;0.0;28.71
MKE	1;MQ;43;-3.14;-8.21;0.0233;-3.14
MKE	2;AS;221;0.21;-3.08;0.0181;0.21
MKE	3;YX;881;4.47;-2.63;0.0306;4.47
MKE	4;DL;2101;6.96;0.37;0.0048;6.96
MKE	5;UA;355;7.81;1.33;0.0056;7.81
MKE	6;WN;5022;9.88;3.59;0.0141;9.88
MKE	7;NK;392;11.69;4.34;0.0204;11.69
MKE	8;OH;549;14.79;16.37;0.031;14.79
MKE	9;OO;2219;15.34;10.55;0.0266;15.34
MKE	10;B6;326;16.64;11.99;0.0061;16.64
MKE	11;F9;382;16.66;8.33;0.0157;16.66
MKE	12;9E;502;21.68;14.51;0.0219;21.68
MKE	13;AA;1265;28.65;25.47;0.0245;28.65
MLB	1;DL;705;3.29;-4.15;0.0;3.29
MLB	2;G4;143;3.38;-3.23;0.0;3.38
MLB	3;OH;576;11.34;8.65;0.0069;11.34
MLI	1;9E;368;11.72;5.3;0.0136;11.72
MLI	2;OH;366;13.72;10.85;0.0246;13.72
MLI	3;MQ;368;14.77;7.55;0.038;14.77
MLI	4;G4;257;16.01;9.17;0.0117;16.01
MLI	5;OO;733;22.57;19.5;0.0382;22.57
MLU	1;OO;40;3.89;1.03;0.05;3.89
MLU	2;9E;387;10.74;9.45;0.0052;10.74
MLU	3;MQ;512;14.92;12.74;0.0215;14.92
MOB	1;9E;334;1.48;-4.43;0.003;1.48
MOB	2;DL;225;4.73;-1.36;0.0;4.73
MOB	3;MQ;530;12.43;11.87;0.0321;12.43
MOB	4;OO;191;24.31;19.05;0.0;24.31
MOT	1;OO;938;16.01;10.06;0.0288;16.01
MOT	2;G4;195;17.91;8.62;0.0103;17.91
MQT	1;9E;121;-1.82;-14.26;0.0248;-1.82
MQT	2;MQ;205;14.09;12.19;0.0049;14.09
MQT	3;OO;63;23.34;19.74;0.0159;23.34
MRY	1;OO;1644;5.78;3.29;0.0061;5.78
MRY	2;MQ;125;7.85;6.94;0.008;7.85
MRY	3;G4;53;26.3;29.92;0.0;26.3
MRY	4;AA;321;31.46;27.76;0.0218;31.46
MSN	1;YX;527;2.83;-3.51;0.0133;2.83
MSN	2;DL;915;5.47;-2.85;0.0087;5.47
MSN	3;UA;722;7.1;3.28;0.0125;7.1
MSN	4;OH;447;10.11;8.55;0.0157;10.11
MSN	5;9E;323;10.22;2.66;0.0093;10.22
MSN	6;MQ;395;14.66;13.54;0.0253;14.66
MSN	7;OO;1263;19.21;15.36;0.0206;19.21
MSN	8;F9;170;19.47;13.37;0.0294;19.47
MSN	9;AA;1031;39.35;35.54;0.0155;39.35
MSO	1;DL;315;6.73;2.52;0.0032;6.73
MSO	2;UA;456;9.72;3.48;0.0175;9.72
MSO	3;OO;535;9.82;6.67;0.0131;9.82
MSO	4;AA;62;10.89;0.29;0.0;10.89
MSO	5;AS;76;14.24;3.47;0.0;14.24
MSO	6;MQ;209;14.46;9.97;0.0144;14.46
MSO	7;F9;53;18.04;22.06;0.0189;18.04
MSO	8;G4;144;35.89;33.5;0.0208;35.89
MSP	1;AS;490;4.72;-1.18;0.0245;4.72
MSP	2;9E;3768;6.93;2.66;0.0061;6.93
MSP	3;DL;33135;8.56;1.6;0.0022;8.56
MSP	4;UA;2566;9.32;4.27;0.0207;9.32
MSP	5;YX;595;10.18;3.45;0.0218;10.18
MSP	6;WN;3728;10.4;3.24;0.011;10.4
MSP	7;MQ;357;11.55;8.5;0.0112;11.55
MSP	8;G4;207;13.29;4.86;0.0;13.29
MSP	9;OO;12520;13.33;8.16;0.0107;13.33
MSP	10;NK;598;14.5;9.81;0.01;14.5
MSP	11;AA;2104;19.83;14.81;0.0176;19.83
MSP	12;F9;924;22.8;16.54;0.0206;22.8
MSP	13;OH;359;23.05;20.77;0.0167;23.05
MSP	14;B6;208;34.36;29.1;0.0192;34.36
MSY	1;9E;2;-7.0;-27.5;0.0;-7.0
MSY	2;YX;297;5.58;2.85;0.0067;5.58
MSY	3;OO;155;9.15;8.52;0.0387;9.15
MSY	4;MQ;585;11.04;9.64;0.0154;11.04
MSY	5;DL;3653;11.35;3.98;0.0025;11.35
MSY	6;OH;267;11.62;4.67;0.03;11.62
MSY	7;AS;375;12.02;7.35;0.0027;12.02
MSY	8;UA;3324;12.2;6.72;0.0235;12.2
MSY	9;NK;2569;12.88;7.43;0.0113;12.88
MSY	10;WN;9766;14.97;10.66;0.0085;14.97
MSY	11;F9;480;19.7;17.07;0.0396;19.7
MSY	12;G4;52;20.92;17.69;0.0;20.92
MSY	13;AA;3555;25.67;24.09;0.0169;25.67
MSY	14;B6;828;29.44;21.53;0.0205;29.44
MTJ	1;DL;92;2.89;-3.47;0.0;2.89
MTJ	2;UA;447;9.58;1.85;0.0157;9.58
MTJ	3;WN;412;11.1;4.53;0.0024;11.1
MTJ	4;OO;450;15.57;10.49;0.0178;15.57
MTJ	5;MQ;62;16.08;16.45;0.0323;16.08
MTJ	6;AA;218;26.83;26.36;0.0;26.83
MVY	1;B6;130;20.0;18.74;0.0615;20.0
MVY	2;YX;155;20.77;19.6;0.0387;20.77
MVY	3;MQ;4;46.0;54.0;0.0;46.0
MYR	1;DL;967;-1.81;-7.95;0.001;-1.81
MYR	2;OO;20;0.5;-6.85;0.0;0.5
MYR	3;OH;1154;7.6;2.44;0.0069;7.6
MYR	4;WN;1115;7.93;1.9;0.0027;7.93
MYR	5;9E;276;8.29;-1.11;0.0181;8.29
MYR	6;NK;2440;9.81;5.93;0.0176;9.81
MYR	7;YX;284;11.65;0.37;0.0387;11.65
MYR	8;AA;543;11.97;5.63;0.011;11.97
MYR	9;UA;89;12.84;4.76;0.0;12.84
MYR	10;MQ;177;14.64;15.67;0.0169;14.64
MYR	11;F9;193;21.6;18.25;0.0415;21.6
MYR	12;G4;492;25.96;24.84;0.0224;25.96
OAJ	1;DL;178;-1.81;-6.77;0.0;-1.81
OAJ	2;OH;278;5.63;0.8;0.0072;5.63
OAJ	3;9E;190;10.84;2.26;0.0;10.84
OAK	1;HA;463;-1.23;-3.14;0.0281;-1.23
OAK	2;OO;959;3.71;0.82;0.0042;3.71
OAK	3;AS;365;4.77;-0.92;0.0438;4.77
OAK	4;DL;270;5.17;-5.84;0.0037;5.17
OAK	5;NK;1275;9.32;3.89;0.0149;9.32
OAK	6;WN;17819;9.46;2.69;0.0058;9.46
OAK	7;G4;53;9.77;14.36;0.0;9.77
OGG	1;WN;3537;0.96;-5.5;0.0071;0.96
OGG	2;UA;896;3.32;-7.32;0.01;3.32
OGG	3;AA;715;4.71;-5.41;0.0056;4.71
OGG	4;HA;6764;6.02;4.56;0.0115;6.02
OGG	5;DL;498;10.91;-1.26;0.012;10.91
OGG	6;AS;975;12.84;6.21;0.0738;12.84
OKC	1;DL;866;2.77;-4.05;0.0046;2.77
OKC	2;AS;173;3.31;1.54;0.0405;3.31
OKC	3;YX;482;4.6;-0.96;0.0228;4.6
OKC	4;MQ;1085;8.5;5.05;0.0295;8.5
OKC	5;WN;3580;8.8;3.89;0.0092;8.8
OKC	6;OO;3132;8.98;5.62;0.0083;8.98
OKC	7;G4;102;9.54;5.71;0.0;9.54
OKC	8;F9;211;12.22;5.79;0.019;12.22
OKC	9;UA;30;16.13;17.83;0.0;16.13
OKC	10;AA;1351;18.16;17.53;0.0252;18.16
OKC	11;OH;101;30.97;27.35;0.0396;30.97
OMA	1;DL;976;7.53;0.12;0.0041;7.53
OMA	2;YX;525;8.21;4.98;0.0171;8.21
OMA	3;MQ;292;8.42;7.95;0.0205;8.42
OMA	4;AS;220;11.38;9.1;0.0182;11.38
OMA	5;OO;2066;12.8;9.83;0.0106;12.8
OMA	6;WN;3959;13.93;7.87;0.0177;13.93
OMA	7;UA;1393;13.99;11.74;0.0244;13.99
OMA	8;G4;325;17.42;12.54;0.0185;17.42
OMA	9;9E;223;19.65;15.44;0.0179;19.65
OMA	10;AA;1664;20.97;16.87;0.0162;20.97
OMA	11;F9;256;29.6;26.65;0.0234;29.6
OME	1;AS;184;0.02;3.43;0.0543;0.02
ONT	1;MQ;7;-1.29;-9.43;0.0;-1.29
ONT	2;AS;618;3.19;-0.39;0.0469;3.19
ONT	3;DL;984;5.65;-5.2;0.001;5.65
ONT	4;OO;1147;6.97;4.99;0.0044;6.97
ONT	5;WN;5407;8.79;1.42;0.0048;8.79
ONT	6;UA;588;9.94;1.0;0.0017;9.94
ONT	7;HA;185;11.64;12.62;0.0054;11.64
ONT	8;AA;1709;18.48;13.0;0.017;18.48
ONT	9;B6;184;18.73;8.33;0.0163;18.73
ONT	10;F9;1622;19.4;17.21;0.0173;19.4
ORD	1;YX;8147;3.92;-2.63;0.0152;3.92
ORD	2;WN;4257;11.93;5.06;0.0251;11.93
ORD	3;MQ;16097;12.77;10.2;0.0169;12.77
ORD	4;9E;70;13.22;12.52;0.0143;13.22
ORD	5;UA;43588;14.56;8.5;0.0162;14.56
ORD	6;AS;1487;14.9;9.35;0.0276;14.9
ORD	7;DL;4925;17.85;11.57;0.0073;17.85
ORD	8;OO;27177;18.42;13.25;0.0273;18.42
ORD	9;NK;4200;22.03;14.83;0.0148;22.03
ORD	10;AA;24934;24.53;21.3;0.0118;24.53
ORD	11;B6;608;28.47;22.08;0.0247;28.47
ORD	12;F9;929;37.4;36.65;0.0334;37.4
ORF	1;YX;1043;3.76;0.56;0.0268;3.76
ORF	2;UA;1224;7.25;1.67;0.018;7.25
ORF	3;OH;1277;7.57;4.07;0.0094;7.57
ORF	4;9E;1163;9.53;3.68;0.0189;9.53
ORF	5;DL;1152;11.3;2.13;0.0035;11.3
ORF	6;WN;1499;11.33;4.63;0.0027;11.33
ORF	7;MQ;178;16.28;12.53;0.0;16.28
ORF	8;G4;163;22.69;19.98;0.0123;22.69
ORF	9;AA;1602;22.71;17.24;0.0212;22.71
ORF	10;NK;533;28.04;21.33;0.0263;28.04
ORF	11;F9;119;28.91;27.85;0.0504;28.91
ORF	12;OO;15;47.64;49.36;0.0667;47.64
ORH	1;YX;177;-1.78;-7.59;0.0565;-1.78
ORH	2;9E;153;6.65;-2.91;0.0654;6.65
ORH	3;B6;409;31.48;20.77;0.0244;31.48
OTH	1;OO;155;31.15;27.63;0.0258;31.15
OTZ	1;AS;183;-0.75;0.59;0.0765;-0.75
PAE	1;AS;654;2.24;1.07;0.0443;2.24
PBG	1;G4;244;29.37;23.18;0.0246;29.37
PBI	1;YX;13;-4.15;-5.31;0.0;-4.15
PBI	2;NK;284;7.84;0.87;0.0176;7.84
PBI	3;WN;1464;11.57;6.21;0.0061;11.57
PBI	4;UA;2088;14.57;7.02;0.0426;14.57
PBI	5;DL;3754;14.9;8.83;0.0048;14.9
PBI	6;B6;4488;18.48;11.98;0.0138;18.48
PBI	7;G4;200;19.01;17.34;0.005;19.01
PBI	8;AA;3275;26.33;24.34;0.0159;26.33
PBI	9;F9;636;27.63;23.19;0.033;27.63
PDX	1;MQ;37;-5.19;-11.3;0.0;-5.19
PDX	2;G4;159;-0.39;-7.96;0.0;-0.39
PDX	3;OO;5542;5.47;4.47;0.0099;5.47
PDX	4;AS;7873;6.08;4.57;0.0367;6.08
PDX	5;DL;3399;6.58;-1.92;0.0038;6.58
PDX	6;WN;4561;9.64;3.51;0.0088;9.64
PDX	7;NK;752;11.66;3.75;0.012;11.66
PDX	8;UA;3034;12.34;5.35;0.0185;12.34
PDX	9;HA;372;20.76;17.3;0.0108;20.76
PDX	10;F9;764;25.68;24.25;0.0288;25.68
PDX	11;AA;1861;25.93;17.79;0.0188;25.93
PDX	12;B6;97;28.8;16.62;0.0103;28.8
PGD	1;G4;3367;11.29;8.56;0.0053;11.29
PHL	1;YX;4609;1.99;-3.53;0.0174;1.99
PHL	2;9E;105;5.53;-1.99;0.0;5.53
PHL	3;B6;507;7.37;2.09;0.0197;7.37
PHL	4;DL;2813;8.38;-1.15;0.0014;8.38
PHL	5;UA;1935;9.45;1.57;0.0119;9.45
PHL	6;OH;5276;9.84;4.27;0.0118;9.84
PHL	7;AS;282;9.86;8.94;0.0319;9.86
PHL	8;WN;2311;13.7;5.56;0.0082;13.7
PHL	9;NK;2631;14.61;5.37;0.0114;14.61
PHL	10;AA;20901;18.19;11.11;0.0145;18.19
PHL	11;F9;6038;22.32;16.26;0.0224;22.32
PHL	12;OO;167;25.85;18.45;0.012;25.85
PHX	1;OO;12930;2.98;0.55;0.0024;2.98
PHX	2;MQ;3363;6.11;2.09;0.0021;6.11
PHX	3;AS;2596;6.32;4.71;0.0331;6.32
PHX	4;HA;184;7.44;10.64;0.0054;7.44
PHX	5;DL;5419;7.62;-0.94;0.0018;7.62
PHX	6;UA;5121;10.34;2.99;0.0209;10.34
PHX	7;G4;212;10.93;7.73;0.0;10.93
PHX	8;WN;32726;13.45;6.68;0.0058;13.45
PHX	9;AA;28562;14.82;10.02;0.0057;14.82
PHX	10;F9;4956;16.71;13.57;0.0091;16.71
PHX	11;NK;711;19.43;16.04;0.0155;19.43
PHX	12;B6;368;40.42;32.49;0.0109;40.42
PIA	1;G4;538;8.44;2.5;0.013;8.44
PIA	2;OH;368;12.33;10.94;0.0217;12.33
PIA	3;MQ;368;20.33;14.32;0.019;20.33
PIA	4;OO;529;24.97;20.34;0.0378;24.97
PIB	1;OO;314;18.16;8.9;0.0382;18.16
PIE	1;G4;4192;9.37;6.52;0.0074;9.37
PIH	1;OO;368;-0.38;-5.29;0.0;-0.38
PIT	1;YX;4737;-1.2;-7.26;0.0127;-1.2
PIT	2;AS;231;4.46;-2.82;0.0303;4.46
PIT	3;DL;1499;4.8;-2.37;0.002;4.8
PIT	4;MQ;467;8.97;2.38;0.0171;8.97
PIT	5;B6;563;9.26;4.97;0.0195;9.26
PIT	6;G4;687;10.6;6.39;0.0029;10.6
PIT	7;WN;5140;10.71;4.99;0.0082;10.71
PIT	8;OO;422;11.02;3.7;0.0024;11.02
PIT	9;9E;1008;11.12;3.17;0.0169;11.12
PIT	10;OH;323;12.07;5.07;0.0279;12.07
PIT	11;UA;1342;13.65;9.16;0.0075;13.65
PIT	12;F9;219;15.01;17.81;0.0594;15.01
PIT	13;NK;1871;17.34;10.14;0.0182;17.34
PIT	14;AA;2972;18.34;14.68;0.0104;18.34
PLN	1;OO;394;13.62;5.49;0.0305;13.62
PNS	1;YX;9;1.5;-1.0;0.1111;1.5
PNS	2;DL;1219;2.83;-2.98;0.0008;2.83
PNS	3;UA;369;7.19;1.28;0.0163;7.19
PNS	4;WN;1095;8.99;2.79;0.0055;8.99
PNS	5;MQ;776;12.57;10.8;0.0193;12.57
PNS	6;F9;203;14.85;11.77;0.0246;14.85
PNS	7;OH;1227;22.15;19.26;0.0073;22.15
PNS	8;NK;485;22.44;14.68;0.0268;22.44
PNS	9;9E;182;24.29;18.45;0.011;24.29
PNS	10;OO;110;35.7;31.29;0.0;35.7
PNS	11;AA;1040;37.15;36.42;0.0337;37.15
PPG	1;HA;60;6.53;5.88;0.0;6.53
PRC	1;OO;368;24.61;22.6;0.0082;24.61
PSC	1;OO;1952;5.57;0.65;0.0051;5.57
PSC	2;AS;190;7.19;7.69;0.0368;7.19
PSC	3;G4;150;7.71;6.33;0.0;7.71
PSC	4;DL;89;8.55;-4.35;0.0;8.55
PSE	1;B6;378;4.36;-3.01;0.0159;4.36
PSE	2;F9;204;11.18;8.21;0.0098;11.18
PSG	1;AS;366;0.16;-1.32;0.0164;0.16
PSM	1;G4;196;18.1;6.42;0.0153;18.1
PSP	1;AS;970;4.17;1.54;0.0557;4.17
PSP	2;DL;496;8.02;-2.09;0.004;8.02
PSP	3;WN;1640;8.84;3.14;0.0037;8.84
PSP	4;MQ;84;9.99;7.12;0.0357;9.99
PSP	5;G4;61;10.61;5.02;0.0;10.61
PSP	6;OO;2823;10.87;9.97;0.0092;10.87
PSP	7;AA;1052;16.06;12.49;0.0162;16.06
PSP	8;UA;843;16.25;9.16;0.0059;16.25
PSP	9;B6;79;30.13;19.23;0.0127;30.13
PVD	1;UA;6;-2.17;-1.33;0.0;-2.17
PVD	2;OO;173;2.47;0.59;0.0173;2.47
PVD	3;YX;378;4.89;-1.49;0.0106;4.89
PVD	4;OH;783;7.95;5.53;0.0179;7.95
PVD	5;9E;493;9.34;1.03;0.0325;9.34
PVD	6;MQ;291;9.54;5.53;0.0069;9.54
PVD	7;B6;662;10.47;3.24;0.0106;10.47
PVD	8;WN;2313;12.49;4.46;0.0147;12.49
PVD	9;DL;666;14.74;4.24;0.0;14.74
PVD	10;AA;895;21.9;14.68;0.0078;21.9
PVD	11;G4;125;26.74;17.99;0.0;26.74
PVU	1;G4;985;7.79;3.97;0.0051;7.79
PWM	1;UA;300;2.9;-2.64;0.0367;2.9
PWM	2;YX;1326;4.68;-3.04;0.0309;4.68
PWM	3;OH;436;13.55;9.31;0.0229;13.55
PWM	4;OO;82;13.86;-0.35;0.0244;13.86
PWM	5;WN;615;14.69;7.46;0.0179;14.69
PWM	6;DL;329;15.4;4.85;0.0122;15.4
PWM	7;F9;254;15.53;4.47;0.0551;15.53
PWM	8;9E;614;15.72;6.96;0.0358;15.72
PWM	9;B6;83;17.32;10.7;0.0843;17.32
PWM	10;MQ;12;22.4;18.3;0.1667;22.4
PWM	11;AA;556;34.22;28.32;0.0216;34.22
RAP	1;UA;487;6.56;1.84;0.0185;6.56
RAP	2;OO;932;15.05;6.33;0.0225;15.05
RAP	3;MQ;508;17.3;13.15;0.0177;17.3
RAP	4;DL;26;19.58;12.27;0.0;19.58
RAP	5;G4;170;21.96;19.99;0.0176;21.96
RAP	6;AA;32;43.5;32.59;0.0;43.5
RAP	7;9E;22;76.95;80.68;0.0;76.95
RDD	1;OO;642;5.18;0.49;0.0031;5.18
RDM	1;AS;286;1.99;5.29;0.0315;1.99
RDM	2;MQ;55;4.24;-3.35;0.0182;4.24
RDM	3;OO;1950;15.63;14.25;0.0215;15.63
RDM	4;UA;547;39.41;32.97;0.0146;39.41
RDM	5;AA;59;75.14;67.6;0.0169;75.14
RDU	1;YX;2660;3.73;0.9;0.0165;3.73
RDU	2;MQ;718;6.54;3.11;0.0167;6.54
RDU	3;UA;2783;10.0;4.43;0.0129;10.0
RDU	4;DL;5482;10.29;2.71;0.0011;10.29
RDU	5;WN;4407;10.93;5.1;0.0077;10.93
RDU	6;9E;3346;12.73;6.78;0.0218;12.73
RDU	7;AS;242;14.15;11.41;0.0248;14.15
RDU	8;OH;415;16.69;17.17;0.0024;16.69
RDU	9;B6;1518;17.37;12.54;0.0158;17.37
RDU	10;AA;5800;19.09;14.21;0.0159;19.09
RDU	11;F9;2051;20.3;17.68;0.0244;20.3
RDU	12;NK;214;25.59;20.7;0.0187;25.59
RDU	13;OO;273;33.77;35.22;0.0;33.77
RFD	1;G4;425;16.7;9.02;0.0071;16.7
RHI	1;OO;399;5.37;-6.52;0.0075;5.37
RIC	1;UA;537;3.3;-0.82;0.013;3.3
RIC	2;YX;1031;5.22;5.23;0.0175;5.22
RIC	3;DL;1330;5.63;-1.13;0.0008;5.63
RIC	4;MQ;151;8.7;5.21;0.0066;8.7
RIC	5;OH;205;10.73;7.43;0.0049;10.73
RIC	6;WN;914;12.5;5.71;0.0011;12.5
RIC	7;9E;1006;13.42;9.83;0.0209;13.42
RIC	8;B6;942;18.32;8.77;0.0117;18.32
RIC	9;OO;282;19.78;13.05;0.0;19.78
RIC	10;NK;677;22.62;14.96;0.0192;22.62
RIC	11;AA;1872;23.09;18.56;0.0155;23.09
RIC	12;G4;190;27.37;18.07;0.0158;27.37
RIW	1;OO;259;11.47;6.52;0.0347;11.47
RKS	1;OO;260;11.69;5.65;0.0154;11.69
RNO	1;AS;218;5.28;3.94;0.0138;5.28
RNO	2;WN;4274;8.41;2.67;0.007;8.41
RNO	3;NK;491;8.99;3.16;0.0183;8.99
RNO	4;OO;1964;10.24;8.23;0.0112;10.24
RNO	5;DL;419;10.52;0.58;0.0;10.52
RNO	6;UA;1045;16.79;12.68;0.0115;16.79
RNO	7;MQ;91;18.44;17.19;0.011;18.44
RNO	8;AA;1214;22.44;16.82;0.0173;22.44
RNO	9;B6;221;34.94;30.84;0.0136;34.94
RNO	10;G4;3;67.33;73.0;0.0;67.33
ROA	1;9E;490;10.58;4.45;0.0122;10.58
ROA	2;DL;184;12.76;2.8;0.0;12.76
ROA	3;OH;109;14.8;14.65;0.0275;14.8
ROA	4;G4;113;19.56;14.24;0.0177;19.56
ROA	5;OO;377;20.89;19.71;0.0265;20.89
ROA	6;YX;156;29.05;29.86;0.0256;29.05
ROC	1;YX;574;2.34;-3.74;0.0261;2.34
ROC	2;OO;282;5.4;0.73;0.0035;5.4
ROC	3;MQ;272;6.49;-1.93;0.011;6.49
ROC	4;UA;441;9.1;2.18;0.0227;9.1
ROC	5;OH;354;10.59;9.04;0.0085;10.59
ROC	6;9E;1345;10.75;1.19;0.029;10.75
ROC	7;DL;569;12.31;0.93;0.0018;12.31
ROC	8;WN;1033;12.36;4.29;0.0048;12.36
ROC	9;NK;188;15.89;2.99;0.0106;15.89
ROC	10;B6;340;17.15;12.76;0.0382;17.15
ROC	11;AA;386;19.95;16.83;0.013;19.95
ROC	12;G4;48;51.96;38.6;0.0;51.96
ROW	1;MQ;163;13.94;7.32;0.0061;13.94
ROW	2;OO;263;32.78;28.65;0.0418;32.78
RST	1;MQ;144;4.71;0.24;0.0;4.71
RST	2;9E;145;10.5;3.29;0.0276;10.5
RST	3;OO;426;15.97;8.75;0.0117;15.97
RSW	1;OH;7;-3.86;-11.57;0.0;-3.86
RSW	2;UA;3263;7.84;2.67;0.0325;7.84
RSW	3;DL;3987;9.26;4.28;0.0015;9.26
RSW	4;AS;132;10.5;4.59;0.053;10.5
RSW	5;NK;1872;12.92;9.39;0.0214;12.92
RSW	6;9E;7;14.0;9.86;0.0;14.0
RSW	7;WN;4249;14.35;10.93;0.0139;14.35
RSW	8;AA;3099;18.59;16.65;0.0155;18.59
RSW	9;MQ;89;20.16;22.09;0.0112;20.16
RSW	10;F9;1706;21.4;17.07;0.0281;21.4
RSW	11;B6;2061;25.3;21.91;0.017;25.3
RSW	12;YX;5;166.4;158.6;0.0;166.4
SAF	1;OO;972;16.05;14.25;0.0175;16.05
SAF	2;MQ;102;23.13;21.83;0.0196;23.13
SAN	1;G4;86;6.31;4.85;0.0;6.31
SAN	2;OO;5837;8.14;8.1;0.0038;8.14
SAN	3;DL;4564;8.34;0.66;0.0009;8.34
SAN	4;NK;1209;8.62;3.84;0.0149;8.62
SAN	5;AS;4760;9.16;5.49;0.045;9.16
SAN	6;UA;4934;9.67;2.29;0.0286;9.67
SAN	7;WN;16769;12.69;6.7;0.0068;12.69
SAN	8;HA;351;14.33;13.92;0.0085;14.33
SAN	9;B6;902;16.28;9.61;0.0033;16.28
SAN	10;AA;4593;20.97;14.5;0.0133;20.97
SAN	11;F9;1570;21.68;21.58;0.0197;21.68
SAT	1;UA;2572;7.26;1.44;0.0226;7.26
SAT	2;AS;320;9.34;6.98;0.0094;9.34
SAT	3;WN;8267;10.26;4.62;0.0083;10.26
SAT	4;DL;2975;10.83;3.67;0.0017;10.83
SAT	5;NK;993;16.2;6.79;0.0151;16.2
SAT	6;OO;478;16.3;14.06;0.0126;16.3
SAT	7;MQ;176;16.87;12.04;0.0114;16.87
SAT	8;AA;4020;18.31;17.4;0.0214;18.31
SAT	9;F9;274;19.91;11.26;0.0438;19.91
SAT	10;B6;368;37.59;28.77;0.0082;37.59
SAT	11;G4;10;111.6;112.7;0.0;111.6
SAV	1;YX;524;4.27;-4.29;0.0057;4.27
SAV	2;F9;76;5.16;7.21;0.0;5.16
SAV	3;OO;171;5.31;1.45;0.0234;5.31
SAV	4;OH;1572;5.78;0.81;0.0083;5.78
SAV	5;DL;1589;6.64;0.01;0.0013;6.64
SAV	6;UA;739;7.86;0.84;0.0095;7.86
SAV	7;MQ;552;9.21;7.05;0.0054;9.21
SAV	8;G4;424;10.32;7.27;0.0024;10.32
SAV	9;WN;1418;10.39;4.99;0.0021;10.39
SAV	10;9E;987;12.76;4.53;0.0294;12.76
SAV	11;B6;393;18.33;12.89;0.0178;18.33
SAV	12;AA;1034;31.54;25.65;0.0232;31.54
SBA	1;AS;149;2.2;-0.74;0.0134;2.2
SBA	2;WN;1069;7.78;1.67;0.0206;7.78
SBA	3;MQ;86;10.59;8.15;0.0;10.59
SBA	4;OO;862;12.24;10.61;0.0197;12.24
SBA	5;DL;76;19.25;9.78;0.0;19.25
SBA	6;UA;721;22.43;18.96;0.0374;22.43
SBA	7;AA;572;23.33;19.96;0.021;23.33
SBN	1;G4;401;11.38;3.68;0.0075;11.38
SBN	2;OH;529;15.72;12.19;0.0095;15.72
SBN	3;9E;1;16.0;-11.0;0.0;16.0
SBN	4;OO;2214;17.92;10.98;0.028;17.92
SBP	1;MQ;84;-0.64;-4.17;0.0;-0.64
SBP	2;UA;185;4.5;-2.08;0.0054;4.5
SBP	3;OO;1729;8.48;5.85;0.0098;8.48
SBP	4;AA;312;21.75;17.18;0.0064;21.75
SCC	1;AS;286;-5.45;-6.38;0.0455;-5.45
SCE	1;YX;1;-10.0;-33.0;0.0;-10.0
SCE	2;OH;2;3.0;-18.0;0.5;3.0
SCE	3;OO;346;12.04;5.95;0.0231;12.04
SCK	1;G4;251;13.71;15.83;0.0;13.71
SDF	1;YX;2871;1.29;-3.61;0.0098;1.29
SDF	2;DL;1179;3.44;-3.49;0.0008;3.44
SDF	3;WN;2626;8.19;2.39;0.0076;8.19
SDF	4;UA;481;9.8;5.61;0.0083;9.8
SDF	5;OH;766;12.39;7.38;0.0052;12.39
SDF	6;OO;1042;14.85;9.27;0.0086;14.85
SDF	7;MQ;784;15.88;13.96;0.0204;15.88
SDF	8;9E;79;16.24;12.49;0.0127;16.24
SDF	9;G4;345;18.53;13.36;0.0087;18.53
SDF	10;NK;485;19.68;13.89;0.0062;19.68
SDF	11;AA;1418;24.91;23.84;0.0219;24.91
SEA	1;DL;15489;7.24;0.53;0.0008;7.24
SEA	2;OO;13065;7.27;5.47;0.0049;7.27
SEA	3;AS;37774;10.89;6.58;0.0255;10.89
SEA	4;UA;4161;12.64;5.87;0.0199;12.64
SEA	5;NK;368;12.96;4.44;0.0027;12.96
SEA	6;WN;3802;13.89;7.4;0.0024;13.89
SEA	7;MQ;298;19.96;10.1;0.0;19.96
SEA	8;B6;388;20.53;11.97;0.0026;20.53
SEA	9;AA;2629;22.49;12.86;0.0198;22.49
SEA	10;HA;372;22.63;18.87;0.0242;22.63
SEA	11;F9;600;23.02;14.31;0.015;23.02
SFB	1;G4;4971;10.8;8.14;0.0084;10.8
SFO	1;HA;371;7.4;5.61;0.0377;7.4
SFO	2;AS;5337;12.97;7.99;0.045;12.97
SFO	3;UA;23386;14.18;3.13;0.0197;14.18
SFO	4;OO;15348;14.42;8.55;0.016;14.42
SFO	5;DL;6194;17.11;7.07;0.0013;17.11
SFO	6;MQ;50;17.54;8.24;0.0;17.54
SFO	7;B6;2160;18.75;8.25;0.0042;18.75
SFO	8;WN;3541;26.11;19.52;0.0068;26.11
SFO	9;AA;4977;29.63;21.76;0.0108;29.63
SFO	10;F9;1897;46.12;42.69;0.0237;46.12
SGF	1;9E;230;8.68;2.7;0.0043;8.68
SGF	2;DL;198;12.76;4.45;0.0;12.76
SGF	3;MQ;2032;16.29;13.91;0.0261;16.29
SGF	4;G4;403;17.78;12.58;0.0025;17.78
SGF	5;OO;866;19.06;12.16;0.0196;19.06
SGF	6;OH;401;40.83;37.98;0.0075;40.83
SGU	1;OO;1332;4.43;0.67;0.0045;4.43
SHR	1;OO;367;2.08;-1.03;0.03;2.08
SHV	1;9E;569;6.57;1.66;0.0105;6.57
SHV	2;MQ;301;12.96;6.97;0.0299;12.96
SHV	3;G4;73;14.99;10.26;0.0137;14.99
SHV	4;OO;144;20.79;14.07;0.0208;20.79
SHV	5;OH;934;21.37;20.07;0.0375;21.37
SIT	1;AS;646;-2.35;-3.01;0.0186;-2.35
SIT	2;OO;25;64.21;62.92;0.04;64.21
SJC	1;HA;323;0.76;-5.45;0.0093;0.76
SJC	2;OO;4211;1.36;-0.99;0.0017;1.36
SJC	3;MQ;152;1.67;-2.99;0.0066;1.67
SJC	4;AS;1281;2.31;-1.41;0.0375;2.31
SJC	5;DL;1149;4.56;-5.78;0.0009;4.56
SJC	6;UA;1012;5.21;-3.51;0.0168;5.21
SJC	7;WN;14250;7.87;2.05;0.0048;7.87
SJC	8;NK;835;9.37;5.82;0.006;9.37
SJC	9;AA;788;21.16;12.57;0.014;21.16
SJC	10;B6;97;42.56;30.41;0.0206;42.56
SJT	1;MQ;474;11.44;8.58;0.0253;11.44
SJT	2;OO;77;37.32;35.47;0.026;37.32
SJU	1;DL;1893;7.78;3.32;0.0011;7.78
SJU	2;WN;2119;9.98;9.84;0.0033;9.98
SJU	3;UA;1656;11.38;10.74;0.0157;11.38
SJU	4;NK;2812;17.48;14.26;0.0153;17.48
SJU	5;B6;4704;25.74;16.41;0.0115;25.74
SJU	6;F9;2915;26.63;27.39;0.023;26.63
SJU	7;AA;2219;28.21;29.51;0.005;28.21
SLC	1;OO;16017;5.68;1.09;0.0041;5.68
SLC	2;AS;620;7.48;5.39;0.0242;7.48
SLC	3;NK;677;9.19;1.66;0.0074;9.19
SLC	4;DL;26641;9.23;3.17;0.0009;9.23
SLC	5;HA;48;11.85;-1.75;0.0;11.85
SLC	6;WN;6178;12.92;6.21;0.0047;12.92
SLC	7;UA;2240;13.32;8.37;0.0187;13.32
SLC	8;MQ;39;13.59;7.67;0.0;13.59
SLC	9;B6;1075;18.94;12.63;0.0065;18.94
SLC	10;AA;2121;21.06;14.27;0.0165;21.06
SLC	11;F9;1427;22.34;20.23;0.0189;22.34
SLN	1;OO;357;16.99;13.08;0.0364;16.99
SMF	1;MQ;166;2.34;-2.08;0.0;2.34
SMF	2;OO;4154;4.87;1.59;0.0034;4.87
SMF	3;HA;408;5.26;3.32;0.0098;5.26
SMF	4;DL;1520;6.5;-1.24;0.0007;6.5
SMF	5;AS;473;6.76;4.97;0.0233;6.76
SMF	6;UA;1801;8.51;0.98;0.0144;8.51
SMF	7;WN;14876;9.28;3.56;0.0059;9.28
SMF	8;NK;776;11.2;7.03;0.0129;11.2
SMF	9;AA;1692;15.8;9.22;0.0207;15.8
SMF	10;F9;133;24.05;25.53;0.0;24.05
SMF	11;B6;204;57.83;52.05;0.0098;57.83
SMX	1;G4;53;23.85;25.17;0.0;23.85
SNA	1;AS;1996;2.53;0.48;0.0135;2.53
SNA	2;NK;561;6.26;2.42;0.0107;6.26
SNA	3;UA;3089;7.93;-1.0;0.0071;7.93
SNA	4;WN;7311;9.23;1.31;0.0066;9.23
SNA	5;DL;2333;9.39;-0.08;0.0013;9.39
SNA	6;F9;555;10.08;7.1;0.0198;10.08
SNA	7;G4;582;17.82;13.39;0.0155;17.82
SNA	8;OO;2011;18.06;20.0;0.0129;18.06
SNA	9;AA;3476;21.27;13.85;0.0155;21.27
SPI	1;G4;63;31.76;27.81;0.0;31.76
SPN	1;UA;184;-7.17;-11.51;0.0;-7.17
SPS	1;OO;364;12.59;7.73;0.0302;12.59
SRQ	1;MQ;4;-1.0;-5.75;0.0;-1.0
SRQ	2;G4;1400;1.74;-2.15;0.0043;1.74
SRQ	3;DL;1623;10.15;5.1;0.0025;10.15
SRQ	4;YX;44;10.3;11.7;0.0227;10.3
SRQ	5;OH;99;12.99;3.32;0.0303;12.99
SRQ	6;WN;2549;13.24;7.85;0.0102;13.24
SRQ	7;UA;1104;13.45;7.04;0.0199;13.45
SRQ	8;B6;438;18.22;15.55;0.0205;18.22
SRQ	9;AA;1606;23.99;22.19;0.0137;23.99
SRQ	10;F9;335;29.83;30.63;0.0358;29.83
SRQ	11;OO;16;79.0;79.56;0.0;79.0
STC	1;G4;99;10.37;0.34;0.0;10.37
STL	1;DL;2680;4.76;-1.25;0.0034;4.76
STL	2;AS;365;4.97;1.47;0.0192;4.97
STL	3;9E;740;5.32;-1.84;0.0297;5.32
STL	4;YX;987;8.1;0.55;0.0182;8.1
STL	5;MQ;922;10.09;5.41;0.0315;10.09
STL	6;WN;20213;13.28;7.94;0.0103;13.28
STL	7;UA;1443;14.76;12.26;0.0146;14.76
STL	8;OO;260;17.92;11.84;0.0308;17.92
STL	9;AA;3649;19.46;17.54;0.0175;19.46
STL	10;OH;163;23.32;21.73;0.0368;23.32
STL	11;F9;630;26.53;19.58;0.0206;26.53
STL	12;NK;230;37.19;31.31;0.0391;37.19
STS	1;MQ;70;5.91;4.21;0.0;5.91
STS	2;OO;1330;6.28;8.08;0.003;6.28
STS	3;AS;117;10.31;9.57;0.0171;10.31
STS	4;AA;58;105.66;103.76;0.0;105.66
STT	1;UA;474;7.09;6.56;0.0042;7.09
STT	2;F9;70;10.01;23.0;0.0286;10.01
STT	3;DL;565;10.89;7.76;0.0035;10.89
STT	4;B6;337;15.62;12.75;0.0326;15.62
STT	5;NK;623;15.96;12.59;0.0096;15.96
STT	6;AA;1230;34.13;32.96;0.0106;34.13
STX	1;F9;19;-0.79;8.11;0.0;-0.79
STX	2;DL;92;3.49;-0.61;0.0;3.49
STX	3;NK;172;16.34;22.61;0.0349;16.34
STX	4;AA;473;36.58;38.41;0.0042;36.58
SUN	1;OO;1088;13.56;10.74;0.0147;13.56
SUX	1;OO;367;18.43;9.44;0.0245;18.43
SWF	1;G4;197;21.35;12.35;0.0051;21.35
SWO	1;MQ;161;7.09;2.78;0.0062;7.09
SWO	2;OO;207;18.94;13.03;0.0483;18.94
SYR	1;YX;902;-0.4;-11.01;0.0144;-0.4
SYR	2;DL;607;3.52;-7.79;0.0016;3.52
SYR	3;UA;492;3.57;-5.42;0.0102;3.57
SYR	4;9E;1147;4.11;-5.71;0.0174;4.11
SYR	5;MQ;393;7.59;0.59;0.0076;7.59
SYR	6;WN;723;10.28;1.67;0.0055;10.28
SYR	7;B6;638;10.77;5.38;0.0266;10.77
SYR	8;OO;366;13.75;8.8;0.0109;13.75
SYR	9;F9;299;17.66;10.35;0.0268;17.66
SYR	10;G4;413;19.39;8.2;0.0121;19.39
SYR	11;OH;131;19.62;17.15;0.0076;19.62
SYR	12;AA;783;20.02;15.16;0.0115;20.02
TLH	1;YX;7;-2.2;0.6;0.2857;-2.2
TLH	2;DL;750;1.51;-6.02;0.0013;1.51
TLH	3;B6;181;5.33;-0.13;0.011;5.33
TLH	4;9E;278;11.55;9.97;0.0;11.55
TLH	5;MQ;1510;12.66;11.66;0.0132;12.66
TLH	6;OH;364;13.22;10.39;0.0055;13.22
TLH	7;OO;1;36.0;47.0;0.0;36.0
TOL	1;G4;234;20.11;12.63;0.0;20.11
TPA	1;YX;12;-0.17;-4.67;0.0;-0.17
TPA	2;NK;3412;8.46;5.78;0.0164;8.46
TPA	3;DL;6536;13.36;7.99;0.0026;13.36
TPA	4;UA;4605;13.4;8.66;0.023;13.4
TPA	5;WN;13138;14.01;10.32;0.0113;14.01
TPA	6;F9;3631;18.32;14.4;0.0187;18.32
TPA	7;AS;608;19.89;19.03;0.0477;19.89
TPA	8;MQ;597;20.23;19.5;0.0268;20.23
TPA	9;B6;2689;20.68;15.32;0.0167;20.68
TPA	10;AA;6816;21.24;18.76;0.0163;21.24
TRI	1;9E;518;0.39;-7.61;0.0058;0.39
TRI	2;OH;83;4.35;-11.65;0.0361;4.35
TRI	3;DL;32;6.56;-8.19;0.0;6.56
TRI	4;MQ;176;7.49;1.17;0.017;7.49
TRI	5;OO;145;17.23;9.61;0.0069;17.23
TRI	6;G4;95;31.89;28.01;0.0211;31.89
TTN	1;F9;1218;17.29;9.09;0.0296;17.29
TUL	1;YX;360;1.78;-0.74;0.0194;1.78
TUL	2;UA;218;4.58;9.13;0.0046;4.58
TUL	3;DL;617;4.92;-2.94;0.0016;4.92
TUL	4;OO;1790;7.52;3.75;0.0095;7.52
TUL	5;9E;135;7.6;5.2;0.0;7.6
TUL	6;WN;2719;8.48;3.23;0.0074;8.48
TUL	7;MQ;743;10.36;7.7;0.0229;10.36
TUL	8;G4;221;15.96;7.46;0.0;15.96
TUL	9;OH;369;17.11;14.21;0.0136;17.11
TUL	10;AA;1049;27.06;25.49;0.0324;27.06
TUS	1;MQ;400;1.67;-0.03;0.0025;1.67
TUS	2;DL;672;4.96;-3.09;0.0015;4.96
TUS	3;OO;3793;8.47;6.83;0.0042;8.47
TUS	4;AS;285;9.16;7.22;0.007;9.16
TUS	5;WN;2189;11.39;4.98;0.0064;11.39
TUS	6;AA;1608;16.14;13.27;0.0218;16.14
TUS	7;UA;585;17.73;9.28;0.0137;17.73
TVC	1;YX;114;5.49;3.61;0.0;5.49
TVC	2;UA;224;10.65;8.9;0.0179;10.65
TVC	3;9E;106;11.1;6.45;0.0094;11.1
TVC	4;DL;203;11.33;-0.21;0.0049;11.33
TVC	5;MQ;248;12.43;6.0;0.0;12.43
TVC	6;G4;170;17.16;5.03;0.0118;17.16
TVC	7;OH;28;21.5;13.43;0.0;21.5
TVC	8;OO;581;25.67;21.46;0.0293;25.67
TVC	9;AA;28;56.89;55.11;0.0;56.89
TWF	1;OO;368;0.21;-4.36;0.0054;0.21
TXK	1;OO;129;14.76;18.61;0.0775;14.76
TXK	2;MQ;246;19.31;19.01;0.0122;19.31
TYR	1;OO;552;19.45;15.35;0.0308;19.45
TYS	1;9E;1302;2.75;-4.48;0.0161;2.75
TYS	2;DL;659;3.61;-5.6;0.0015;3.61
TYS	3;OH;1751;9.2;6.87;0.0183;9.2
TYS	4;MQ;500;9.27;9.12;0.012;9.27
TYS	5;OO;896;13.59;7.44;0.0201;13.59
TYS	6;YX;213;14.42;13.6;0.0376;14.42
TYS	7;F9;163;15.38;11.47;0.0061;15.38
TYS	8;G4;1122;16.78;12.03;0.0116;16.78
TYS	9;UA;40;19.62;20.4;0.0;19.62
TYS	10;AA;819;26.23;19.03;0.0293;26.23
USA	1;G4;376;25.01;20.81;0.0186;25.01
VCT	1;OO;315;13.68;6.84;0.0349;13.68
VEL	1;OO;52;21.42;16.77;0.0;21.42
VLD	1;OO;60;6.38;4.95;0.0;6.38
VLD	2;9E;308;7.58;1.49;0.0032;7.58
VPS	1;YX;36;-7.36;-17.75;0.0;-7.36
VPS	2;G4;1098;5.25;-0.6;0.0073;5.25
VPS	3;DL;1259;8.95;1.23;0.0024;8.95
VPS	4;WN;966;9.93;2.95;0.0031;9.93
VPS	5;OH;307;10.03;9.23;0.0163;10.03
VPS	6;MQ;163;22.07;20.67;0.0552;22.07
VPS	7;AA;1081;31.86;29.71;0.0176;31.86
VPS	8;9E;5;55.4;64.6;0.0;55.4
WRG	1;AS;366;-1.78;-4.55;0.0164;-1.78
WYS	1;OO;100;31.48;26.45;0.03;31.48
XNA	1;DL;325;1.75;-6.98;0.0;1.75
XNA	2;9E;689;3.93;-1.69;0.0044;3.93
XNA	3;YX;352;9.01;4.48;0.0256;9.01
XNA	4;OO;1268;10.48;7.24;0.011;10.48
XNA	5;MQ;2552;11.67;10.13;0.0133;11.67
XNA	6;F9;89;11.68;11.97;0.0112;11.68
XNA	7;UA;53;13.17;13.83;0.0;13.17
XNA	8;AA;515;27.03;28.48;0.0155;27.03
XNA	9;G4;441;27.38;22.95;0.0068;27.38
XNA	10;OH;129;31.96;25.45;0.0465;31.96
XWA	1;OO;945;16.77;8.89;0.0233;16.77
YAK	1;AS;366;-3.76;-4.23;0.0301;-3.76
YUM	1;OO;568;9.33;6.79;0.0053;9.33
YUM	2;MQ;201;10.76;10.01;0.005;10.76
