ABE	1;G4;1839;8.43;0.64;0.0163;8.43
ABE	2;9E;1017;9.42;0.67;0.0138;9.42
ABE	3;OH;1166;15.55;4.43;0.0129;15.55
ABE	4;OO;315;30.63;22.01;0.0381;30.63
ABI	1;MQ;1757;7.26;4.41;0.0085;7.26
ABQ	1;DL;1547;1.75;-5.59;0.009;1.75
ABQ	2;OO;3987;2.1;-2.05;0.0045;2.1
ABQ	3;MQ;907;5.28;3.25;0.0066;5.28
ABQ	4;UA;1822;5.48;-0.32;0.0104;5.48
ABQ	5;AS;423;8.42;4.52;0.0095;8.42
ABQ	6;NK;525;9.08;5.21;0.0114;9.08
ABQ	7;WN;11610;10.47;4.34;0.0053;10.47
ABQ	8;AA;3016;19.82;17.16;0.0209;19.82
ABQ	9;B6;255;48.96;45.11;0.0196;48.96
ABR	1;OO;728;19.3;10.72;0.0082;19.3
ABY	1;9E;38;9.53;4.37;0.0;9.53
ABY	2;OO;727;17.64;16.5;0.0096;17.64
ACK	1;B6;1007;11.6;8.42;0.0387;11.6
ACK	2;YX;619;14.99;15.23;0.084;14.99
ACK	3;MQ;22;21.82;22.68;0.0;21.82
ACK	4;OO;27;30.54;18.04;0.037;30.54
ACT	1;OO;750;14.17;14.08;0.0267;14.17
ACT	2;MQ;337;18.48;18.01;0.0208;18.48
ACV	1;OO;1737;19.81;17.94;0.019;19.81
ACY	1;NK;3052;8.88;1.75;0.0183;8.88
ADK	1;AS;104;-6.06;-6.83;0.0769;-6.06
ADQ	1;AS;816;2.66;1.35;0.0208;2.66
AEX	1;9E;878;14.56;9.6;0.0103;14.56
AEX	2;OO;1055;18.04;13.54;0.0227;18.04
AEX	3;MQ;33;39.67;39.12;0.0;39.67
AGS	1;MQ;192;8.14;0.4;0.026;8.14
AGS	2;YX;31;9.94;-0.71;0.0;9.94
AGS	3;9E;1602;12.49;6.98;0.0206;12.49
AGS	4;DL;168;17.85;12.74;0.0;17.85
AGS	5;OH;1573;21.25;19.72;0.0273;21.25
AGS	6;OO;432;27.2;20.63;0.0116;27.2
AGS	7;AA;23;36.48;34.35;0.0;36.48
AKN	1;AS;178;-6.34;-3.27;0.0056;-6.34
ALB	1;MQ;186;2.77;0.95;0.0;2.77
ALB	2;YX;332;3.24;-2.18;0.0151;3.24
ALB	3;9E;1089;4.75;-4.38;0.0193;4.75
ALB	4;UA;745;5.95;2.18;0.0121;5.95
ALB	5;OO;834;9.54;4.0;0.0024;9.54
ALB	6;WN;3532;11.38;3.81;0.0091;11.38
ALB	7;DL;1352;13.36;3.75;0.0141;13.36
ALB	8;OH;1167;17.22;13.58;0.0308;17.22
ALB	9;B6;779;18.44;12.94;0.0128;18.44
ALB	10;AA;1453;20.52;13.76;0.0083;20.52
ALB	11;G4;573;24.64;15.53;0.014;24.64
ALW	1;OO;544;0.2;2.82;0.0331;0.2
AMA	1;WN;1941;7.14;0.94;0.0052;7.14
AMA	2;MQ;2070;7.8;5.53;0.0169;7.8
AMA	3;OO;870;14.56;11.78;0.0172;14.56
AMA	4;AA;205;22.62;21.82;0.0244;22.62
ANC	1;AS;14279;3.72;0.98;0.0163;3.72
ANC	2;UA;1294;11.54;0.67;0.0185;11.54
ANC	3;DL;2468;11.78;1.73;0.0073;11.78
ANC	4;AA;502;35.57;22.97;0.004;35.57
APN	1;OO;629;16.04;9.79;0.0318;16.04
ASE	1;OO;7888;26.23;20.44;0.0654;26.23
ATL	1;9E;26877;6.58;2.45;0.0109;6.58
ATL	2;YX;1233;8.85;6.09;0.0178;8.85
ATL	3;AS;1440;9.2;4.06;0.0201;9.2
ATL	4;DL;227627;9.23;5.34;0.0086;9.23
ATL	5;WN;33394;12.62;6.55;0.0066;12.62
ATL	6;UA;7346;12.95;7.46;0.0163;12.95
ATL	7;MQ;666;17.87;15.14;0.0195;17.87
ATL	8;OH;2486;19.21;15.74;0.0161;19.21
ATL	9;NK;10205;20.3;13.26;0.0171;20.3
ATL	10;OO;8235;20.88;17.41;0.0077;20.88
ATL	11;AA;7717;22.39;18.21;0.0172;22.39
ATL	12;B6;3007;22.52;17.56;0.0156;22.52
ATL	13;F9;11676;25.18;20.74;0.0249;25.18
ATW	1;G4;1318;7.54;0.29;0.0197;7.54
ATW	2;9E;176;10.79;9.34;0.0;10.79
ATW	3;DL;325;10.8;2.75;0.0092;10.8
ATW	4;MQ;753;13.71;6.83;0.0133;13.71
ATW	5;OO;3687;19.69;15.99;0.0206;19.69
AUS	1;YX;121;2.12;-3.23;0.0;2.12
AUS	2;OH;25;9.28;0.04;0.0;9.28
AUS	3;UA;9568;10.47;4.59;0.0138;10.47
AUS	4;AS;2837;11.14;8.29;0.0257;11.14
AUS	5;WN;37520;11.76;5.61;0.0064;11.76
AUS	6;MQ;2281;13.06;10.94;0.0145;13.06
AUS	7;DL;11200;14.11;6.82;0.0083;14.11
AUS	8;9E;379;15.29;14.15;0.0053;15.29
AUS	9;NK;1091;18.5;11.2;0.0247;18.5
AUS	10;G4;1102;20.44;16.85;0.0191;20.44
AUS	11;OO;3696;21.57;16.98;0.0032;21.57
AUS	12;AA;13859;22.87;19.47;0.0149;22.87
AUS	13;F9;705;25.04;20.88;0.017;25.04
AUS	14;HA;166;32.15;36.62;0.006;32.15
AUS	15;B6;793;33.11;24.05;0.0101;33.11
AVL	1;YX;1129;7.97;2.42;0.0443;7.97
AVL	2;9E;675;10.39;1.91;0.0207;10.39
AVL	3;UA;188;11.29;5.99;0.0319;11.29
AVL	4;OH;2075;11.81;11.15;0.0284;11.81
AVL	5;DL;2268;12.26;3.49;0.0251;12.26
AVL	6;OO;724;16.29;13.39;0.0401;16.29
AVL	7;G4;3270;17.9;14.34;0.0315;17.9
AVL	8;MQ;1181;22.6;19.8;0.0271;22.6
AVL	9;B6;83;25.28;23.67;0.012;25.28
AVL	10;AA;489;52.07;46.04;0.0532;52.07
AVP	1;MQ;484;15.23;10.64;0.0124;15.23
AVP	2;AA;825;18.57;13.48;0.0109;18.57
AVP	3;OH;239;25.21;11.29;0.0126;25.21
AVP	4;OO;44;64.1;52.45;0.0455;64.1
AZA	1;G4;5884;4.42;-0.96;0.0071;4.42
AZO	1;9E;14;2.64;-2.93;0.0;2.64
AZO	2;OO;991;11.21;5.64;0.0161;11.21
BDL	1;YX;513;-1.15;-8.01;0.0039;-1.15
BDL	2;MQ;560;5.38;1.68;0.0143;5.38
BDL	3;UA;2195;6.23;1.53;0.0132;6.23
BDL	4;9E;366;7.2;1.55;0.0301;7.2
BDL	5;DL;4022;7.47;-0.3;0.008;7.47
BDL	6;NK;596;9.35;5.63;0.0185;9.35
BDL	7;WN;4104;10.67;2.78;0.0066;10.67
BDL	8;B6;3385;14.99;7.68;0.0136;14.99
BDL	9;AA;3974;15.36;10.05;0.0164;15.36
BDL	10;OH;1489;17.8;12.59;0.0255;17.8
BDL	11;OO;69;18.63;18.59;0.0145;18.63
BDL	12;F9;1029;36.47;31.18;0.0292;36.47
BET	1;AS;726;8.41;12.03;0.011;8.41
BFF	1;OO;627;9.97;9.16;0.0271;9.97
BFL	1;MQ;338;1.46;-4.22;0.003;1.46
BFL	2;OO;1421;4.94;-1.5;0.0042;4.94
BFL	3;AA;922;12.17;7.56;0.0108;12.17
BGM	1;9E;367;12.44;7.25;0.0327;12.44
BGR	1;9E;1262;2.57;-6.16;0.0404;2.57
BGR	2;OH;811;9.41;-0.09;0.0308;9.41
BGR	3;YX;1015;10.15;3.25;0.0463;10.15
BGR	4;MQ;249;11.59;12.59;0.0161;11.59
BGR	5;OO;156;15.46;14.63;0.0064;15.46
BGR	6;G4;535;18.8;3.99;0.028;18.8
BGR	7;AA;608;25.96;24.85;0.0197;25.96
BHM	1;UA;4;-4.25;-11.5;0.0;-4.25
BHM	2;YX;385;-1.21;-3.86;0.0104;-1.21
BHM	3;DL;2922;6.06;1.18;0.0089;6.06
BHM	4;9E;1115;6.78;-0.66;0.035;6.78
BHM	5;MQ;2463;9.52;6.18;0.0102;9.52
BHM	6;NK;73;10.16;11.7;0.0;10.16
BHM	7;WN;4303;12.43;7.38;0.0084;12.43
BHM	8;OO;1597;14.4;10.03;0.0088;14.4
BHM	9;OH;3980;15.07;11.28;0.0148;15.07
BHM	10;AA;391;39.15;37.43;0.0153;39.15
BIH	1;OO;274;19.79;8.94;0.0693;19.79
BIL	1;UA;736;1.81;-1.27;0.0068;1.81
BIL	2;OO;1344;2.1;-0.82;0.006;2.1
BIL	3;DL;788;5.28;2.26;0.0127;5.28
BIL	4;MQ;916;11.37;9.25;0.0044;11.37
BIL	5;G4;365;17.76;16.01;0.0137;17.76
BIS	1;9E;10;1.6;16.0;0.0;1.6
BIS	2;DL;630;6.7;-0.39;0.0063;6.7
BIS	3;G4;543;6.89;-3.07;0.0147;6.89
BIS	4;MQ;602;9.4;5.55;0.0033;9.4
BIS	5;OO;2189;14.2;8.37;0.0101;14.2
BJI	1;OO;730;15.83;9.92;0.0096;15.83
BLI	1;G4;959;0.99;-3.77;0.0063;0.99
BLI	2;WN;620;8.83;2.15;0.0065;8.83
BLI	3;OO;965;11.0;12.4;0.0073;11.0
BLV	1;G4;1098;21.24;15.07;0.0255;21.24
BMI	1;9E;731;7.53;0.36;0.0123;7.53
BMI	2;MQ;729;8.51;2.68;0.0165;8.51
BMI	3;F9;60;9.53;12.97;0.0333;9.53
BMI	4;G4;230;26.7;23.46;0.0174;26.7
BNA	1;YX;5723;3.24;0.69;0.0121;3.24
BNA	2;DL;8388;4.43;-1.66;0.0087;4.43
BNA	3;AS;1213;7.34;-1.87;0.0107;7.34
BNA	4;WN;51001;10.98;3.78;0.0084;10.98
BNA	5;G4;3029;11.4;5.74;0.0145;11.4
BNA	6;MQ;2539;11.61;9.63;0.0232;11.61
BNA	7;UA;6246;11.93;7.05;0.0157;11.93
BNA	8;OH;2402;12.66;10.32;0.02;12.66
BNA	9;OO;4137;13.53;9.45;0.0169;13.53
BNA	10;B6;1354;15.07;9.06;0.0177;15.07
BNA	11;F9;764;16.24;15.45;0.0183;16.24
BNA	12;NK;3808;19.01;10.16;0.0284;19.01
BNA	13;9E;1189;20.85;17.42;0.0378;20.85
BNA	14;AA;8427;23.58;21.54;0.0215;23.58
BOI	1;AS;625;4.36;3.81;0.0064;4.36
BOI	2;OO;11307;4.76;2.86;0.0034;4.76
BOI	3;MQ;267;6.61;2.83;0.0037;6.61
BOI	4;WN;4745;6.83;0.36;0.0027;6.83
BOI	5;UA;1369;7.17;2.23;0.0205;7.17
BOI	6;NK;542;8.48;4.36;0.0203;8.48
BOI	7;DL;2747;8.84;2.98;0.0084;8.84
BOI	8;AA;904;12.07;6.83;0.0144;12.07
BOI	9;G4;353;33.1;31.71;0.0085;33.1
BOS	1;9E;8;-3.71;-17.86;0.125;-3.71
BOS	2;G4;519;3.25;-4.48;0.025;3.25
BOS	3;YX;26579;3.77;-1.54;0.016;3.77
BOS	4;OO;2;9.5;23.5;0.0;9.5
BOS	5;UA;12459;10.26;2.37;0.0174;10.26
BOS	6;AS;2588;11.32;4.27;0.0162;11.32
BOS	7;DL;25697;12.33;2.46;0.0094;12.33
BOS	8;MQ;1931;12.96;5.55;0.015;12.96
BOS	9;WN;6635;13.2;3.5;0.0087;13.2
BOS	10;B6;41180;14.46;7.36;0.0134;14.46
BOS	11;AA;17181;14.95;4.67;0.0136;14.95
BOS	12;F9;1480;17.83;14.45;0.0236;17.83
BOS	13;HA;221;19.35;16.95;0.009;19.35
BOS	14;NK;7009;21.09;12.24;0.0328;21.09
BPT	1;OO;542;6.77;1.14;0.0203;6.77
BPT	2;MQ;188;16.86;12.91;0.0213;16.86
BQK	1;9E;142;7.49;8.09;0.0;7.49
BQK	2;OO;653;17.43;19.48;0.0031;17.43
BQN	1;B6;1585;15.32;11.37;0.0126;15.32
BQN	2;F9;495;17.86;6.46;0.0121;17.86
BQN	3;UA;366;22.51;12.81;0.0301;22.51
BRD	1;OO;649;7.3;2.34;0.0062;7.3
BRO	1;MQ;1242;5.69;3.63;0.0145;5.69
BRO	2;OO;720;14.76;11.02;0.0278;14.76
BRW	1;AS;364;9.59;11.36;0.0522;9.59
BTM	1;OO;690;-4.98;-14.18;0.0;-4.98
BTR	1;DL;909;7.5;0.74;0.0121;7.5
BTR	2;9E;502;9.59;5.52;0.0179;9.59
BTR	3;OO;590;13.84;9.38;0.0288;13.84
BTR	4;MQ;993;14.03;11.46;0.0211;14.03
BTR	5;OH;1920;15.03;11.54;0.0167;15.03
BTR	6;UA;4;24.0;24.0;0.0;24.0
BTV	1;F9;12;2.5;-2.42;0.0;2.5
BTV	2;YX;1683;2.65;-5.91;0.022;2.65
BTV	3;B6;6;3.0;-0.67;0.0;3.0
BTV	4;DL;468;7.83;1.22;0.0171;7.83
BTV	5;UA;1117;8.1;6.52;0.017;8.1
BTV	6;MQ;336;8.93;10.5;0.0208;8.93
BTV	7;9E;1783;9.83;1.7;0.028;9.83
BTV	8;OO;245;12.37;6.67;0.0;12.37
BTV	9;OH;1757;16.91;12.01;0.0182;16.91
BTV	10;AA;713;18.43;12.9;0.0126;18.43
BTV	11;G4;2;38.0;15.0;0.5;38.0
BUF	1;YX;2773;6.05;1.44;0.0361;6.05
BUF	2;MQ;497;6.77;2.55;0.0101;6.77
BUF	3;9E;1924;8.63;0.6;0.0301;8.63
BUF	4;WN;5346;9.8;2.33;0.0166;9.8
BUF	5;B6;3451;9.91;5.26;0.0209;9.91
BUF	6;DL;2130;10.3;2.42;0.0117;10.3
BUF	7;UA;997;11.26;9.45;0.0211;11.26
BUF	8;OO;809;16.07;9.71;0.0297;16.07
BUF	9;AA;2182;17.92;15.04;0.0137;17.92
BUF	10;OH;901;17.99;17.12;0.0255;17.99
BUF	11;F9;1156;18.58;12.23;0.0389;18.58
BUR	1;AS;2247;3.95;2.67;0.0218;3.95
BUR	2;WN;18651;7.47;0.29;0.0099;7.47
BUR	3;F9;74;8.77;13.18;0.0;8.77
BUR	4;OO;4120;11.44;9.31;0.01;11.44
BUR	5;UA;1594;12.55;9.46;0.0157;12.55
BUR	6;NK;1919;14.2;11.37;0.0177;14.2
BUR	7;AA;1239;19.92;14.96;0.0097;19.92
BUR	8;DL;445;21.5;14.88;0.0067;21.5
BUR	9;MQ;47;42.34;33.94;0.0;42.34
BUR	10;B6;300;46.24;39.74;0.02;46.24
BWI	1;OO;9;-5.78;-11.11;0.0;-5.78
BWI	2;MQ;541;3.43;-3.69;0.0129;3.43
BWI	3;UA;3625;6.2;-0.11;0.0179;6.2
BWI	4;OH;27;6.63;4.37;0.0;6.63
BWI	5;YX;936;7.16;1.92;0.015;7.16
BWI	6;B6;222;7.17;3.6;0.0225;7.17
BWI	7;DL;5276;9.2;1.7;0.0072;9.2
BWI	8;WN;73243;15.78;8.41;0.0091;15.78
BWI	9;NK;6753;15.94;8.18;0.0176;15.94
BWI	10;AS;585;15.94;11.0;0.0205;15.94
BWI	11;AA;3782;17.64;10.71;0.0175;17.64
BWI	12;9E;500;18.5;10.34;0.056;18.5
BWI	13;F9;2928;26.03;22.82;0.0355;26.03
BWI	14;G4;145;32.8;27.42;0.0138;32.8
BZN	1;AS;653;4.94;6.3;0.0123;4.94
BZN	2;MQ;68;6.03;-0.07;0.0;6.03
BZN	3;OO;2011;6.43;2.77;0.0055;6.43
BZN	4;DL;1801;7.06;1.97;0.005;7.06
BZN	5;WN;2012;7.97;1.82;0.0045;7.97
BZN	6;UA;2222;12.07;7.06;0.0135;12.07
BZN	7;G4;376;13.05;7.29;0.0239;13.05
BZN	8;AA;915;33.27;30.5;0.0033;33.27
BZN	9;B6;145;37.79;33.71;0.0207;37.79
CAE	1;DL;1520;4.15;-4.01;0.0072;4.15
CAE	2;OO;727;4.69;3.01;0.0069;4.69
CAE	3;9E;1253;6.58;1.16;0.0192;6.58
CAE	4;MQ;56;6.7;4.71;0.0;6.7
CAE	5;OH;2220;9.57;8.7;0.0131;9.57
CAE	6;YX;341;13.56;10.52;0.0469;13.56
CAE	7;AA;700;29.31;25.57;0.03;29.31
CAK	1;OH;1651;10.7;7.41;0.0073;10.7
CAK	2;G4;756;16.64;10.31;0.0198;16.64
CAK	3;OO;1069;19.4;17.71;0.0159;19.4
CDC	1;OO;629;3.81;-1.8;0.0079;3.81
CDV	1;AS;726;0.35;-0.66;0.0193;0.35
CHA	1;YX;148;4.48;1.84;0.0;4.48
CHA	2;DL;1233;8.52;0.01;0.0081;8.52
CHA	3;9E;1534;8.88;2.92;0.0065;8.88
CHA	4;OH;1471;12.2;8.13;0.0102;12.2
CHA	5;MQ;1249;16.81;12.84;0.0192;16.81
CHA	6;OO;939;16.85;15.76;0.0181;16.85
CHA	7;G4;279;22.92;18.3;0.0323;22.92
CHO	1;OH;63;-3.56;-1.38;0.0;-3.56
CHO	2;YX;463;8.11;8.96;0.0259;8.11
CHO	3;9E;1784;9.28;2.28;0.0269;9.28
CHO	4;DL;257;9.61;-1.29;0.0;9.61
CHO	5;OO;636;15.86;16.5;0.0189;15.86
CHS	1;YX;2272;4.07;-1.04;0.0132;4.07
CHS	2;AS;350;4.34;-1.52;0.0257;4.34
CHS	3;OH;1741;7.54;5.08;0.0184;7.54
CHS	4;WN;3534;8.0;2.84;0.0062;8.0
CHS	5;MQ;921;8.54;4.52;0.0152;8.54
CHS	6;UA;2226;9.42;4.74;0.013;9.42
CHS	7;DL;3892;9.61;4.18;0.009;9.61
CHS	8;9E;1988;10.25;3.79;0.0428;10.25
CHS	9;G4;206;13.16;12.18;0.0291;13.16
CHS	10;OO;369;14.99;12.93;0.0136;14.99
CHS	11;B6;1840;16.77;12.14;0.0163;16.77
CHS	12;AA;4892;17.82;14.63;0.0184;17.82
CHS	13;F9;175;18.63;14.24;0.0229;18.63
CHS	14;NK;1288;18.89;13.01;0.0311;18.89
CID	1;9E;160;1.02;-2.62;0.0;1.02
CID	2;YX;154;3.95;-4.86;0.0519;3.95
CID	3;MQ;1180;7.78;4.88;0.0195;7.78
CID	4;F9;275;9.34;6.78;0.0218;9.34
CID	5;UA;1147;9.38;6.71;0.0174;9.38
CID	6;OH;685;12.75;7.65;0.0336;12.75
CID	7;G4;979;13.26;6.65;0.0225;13.26
CID	8;OO;1929;16.11;13.82;0.0233;16.11
CID	9;DL;370;17.88;12.78;0.0135;17.88
CID	10;AA;1256;34.93;29.33;0.0318;34.93
CIU	1;OO;728;23.95;18.38;0.0137;23.95
CKB	1;G4;207;37.02;35.43;0.0242;37.02
CLE	1;YX;4421;4.3;-1.17;0.0217;4.3
CLE	2;AS;477;4.36;1.44;0.0168;4.36
CLE	3;UA;8568;4.37;-2.22;0.0138;4.37
CLE	4;WN;5034;7.52;0.12;0.007;7.52
CLE	5;MQ;612;8.8;2.08;0.0098;8.8
CLE	6;B6;822;9.67;6.26;0.0158;9.67
CLE	7;DL;3187;9.78;-0.25;0.0088;9.78
CLE	8;OH;1513;11.09;8.87;0.0132;11.09
CLE	9;OO;1674;12.34;5.86;0.0084;12.34
CLE	10;NK;1007;13.04;4.89;0.0238;13.04
CLE	11;9E;2484;13.43;5.66;0.0278;13.43
CLE	12;AA;4670;14.01;9.94;0.0193;14.01
CLE	13;F9;6637;19.93;13.95;0.028;19.93
CLL	1;MQ;832;10.69;6.04;0.0216;10.69
CLL	2;OO;290;21.96;20.59;0.0345;21.96
CLT	1;YX;2629;8.23;3.69;0.0129;8.23
CLT	2;DL;6231;10.78;2.12;0.0064;10.78
CLT	3;UA;4045;12.35;8.93;0.0148;12.35
CLT	4;OH;56854;12.44;8.25;0.0118;12.44
CLT	5;9E;3136;14.68;9.03;0.0392;14.68
CLT	6;MQ;6134;15.68;11.85;0.0145;15.68
CLT	7;WN;3300;17.48;11.03;0.0033;17.48
CLT	8;B6;530;17.57;9.36;0.0189;17.57
CLT	9;OO;57;20.12;9.09;0.0;20.12
CLT	10;AA;126484;21.63;17.07;0.0134;21.63
CLT	11;NK;4886;22.34;16.47;0.0272;22.34
CLT	12;F9;3288;31.04;33.37;0.0335;31.04
CMH	1;YX;11543;1.33;-4.35;0.0119;1.33
CMH	2;DL;3332;5.85;-1.7;0.0087;5.85
CMH	3;AS;471;7.32;-1.73;0.0191;7.32
CMH	4;WN;11900;9.47;2.16;0.0096;9.47
CMH	5;9E;252;9.72;1.48;0.004;9.72
CMH	6;MQ;3122;11.69;7.08;0.0067;11.69
CMH	7;UA;2678;13.59;10.31;0.0146;13.59
CMH	8;NK;2547;13.75;4.35;0.0196;13.75
CMH	9;OO;1329;14.73;7.98;0.0015;14.73
CMH	10;OH;1329;15.69;10.7;0.0105;15.69
CMH	11;F9;242;18.13;15.41;0.0289;18.13
CMH	12;AA;3527;20.89;16.14;0.0164;20.89
CMI	1;MQ;1385;15.45;8.07;0.0152;15.45
CMX	1;OO;730;19.24;17.73;0.0411;19.24
CNY	1;OO;31;3.41;-1.86;0.0645;3.41
COD	1;OO;631;17.09;9.51;0.0079;17.09
COS	1;UA;745;8.62;5.14;0.0255;8.62
COS	2;OO;5008;8.86;2.16;0.0116;8.86
COS	3;WN;4912;9.34;3.6;0.0063;9.34
COS	4;DL;554;13.89;8.79;0.0072;13.89
COS	5;MQ;355;15.64;13.14;0.0028;15.64
COS	6;AA;1080;18.33;17.66;0.025;18.33
COU	1;MQ;1678;12.68;10.03;0.0203;12.68
COU	2;OO;101;57.59;50.67;0.0198;57.59
CPR	1;OO;1771;6.63;-2.24;0.0073;6.63
CRP	1;OO;268;5.66;2.79;0.0187;5.66
CRP	2;MQ;2439;8.7;7.2;0.0197;8.7
CRP	3;WN;1164;9.28;5.32;0.0112;9.28
CRW	1;9E;180;1.87;-6.53;0.0;1.87
CRW	2;OH;1439;14.44;10.95;0.0118;14.44
CRW	3;OO;1814;24.66;18.6;0.0132;24.66
CSG	1;9E;595;9.29;3.69;0.0303;9.29
CSG	2;OO;406;18.19;13.23;0.0099;18.19
CVG	1;YX;5550;3.4;-1.61;0.0168;3.4
CVG	2;UA;2080;6.77;2.83;0.0101;6.77
CVG	3;OO;866;7.62;5.62;0.0035;7.62
CVG	4;9E;6620;8.06;2.07;0.0174;8.06
CVG	5;DL;7132;8.82;1.23;0.0091;8.82
CVG	6;WN;2165;9.27;3.05;0.006;9.27
CVG	7;AS;351;9.7;3.87;0.0342;9.7
CVG	8;MQ;2685;12.65;9.3;0.0071;12.65
CVG	9;G4;3269;12.96;9.1;0.0141;12.96
CVG	10;F9;4722;14.64;10.37;0.0214;14.64
CVG	11;OH;2487;15.04;12.49;0.0105;15.04
CVG	12;AA;3343;20.3;14.59;0.0188;20.3
CWA	1;9E;731;3.56;-2.9;0.0082;3.56
CYS	1;OO;679;8.17;-1.46;0.0206;8.17
DAB	1;DL;1448;7.02;2.14;0.0131;7.02
DAB	2;OH;1102;10.33;2.69;0.0281;10.33
DAB	3;AA;315;11.96;6.98;0.0095;11.96
DAB	4;MQ;9;15.0;10.56;0.0;15.0
DAL	1;AS;363;2.92;-2.37;0.0248;2.92
DAL	2;DL;2080;12.33;6.75;0.0072;12.33
DAL	3;WN;70231;14.08;8.22;0.0108;14.08
DAY	1;YX;319;0.02;-2.49;0.0063;0.02
DAY	2;DL;1169;2.68;-8.49;0.0103;2.68
DAY	3;9E;483;8.17;-2.4;0.0228;8.17
DAY	4;OH;3625;9.31;5.12;0.0102;9.31
DAY	5;OO;1581;10.58;5.72;0.0095;10.58
DAY	6;MQ;185;12.94;6.09;0.0162;12.94
DAY	7;G4;278;20.06;15.22;0.0432;20.06
DCA	1;YX;27099;4.09;-1.63;0.0143;4.09
DCA	2;AS;1821;5.5;-2.71;0.0077;5.5
DCA	3;F9;1097;11.14;2.02;0.0146;11.14
DCA	4;UA;6135;11.24;5.41;0.0163;11.24
DCA	5;DL;9064;11.29;2.51;0.0117;11.29
DCA	6;MQ;4251;12.74;7.2;0.0129;12.74
DCA	7;WN;15766;12.86;3.79;0.0112;12.86
DCA	8;OH;36746;14.11;9.23;0.0211;14.11
DCA	9;B6;8372;14.46;6.79;0.0149;14.46
DCA	10;9E;2018;14.46;8.48;0.0193;14.46
DCA	11;OO;173;16.63;5.8;0.0058;16.63
DCA	12;AA;27473;16.73;9.61;0.0155;16.73
DDC	1;OO;627;23.15;20.5;0.0303;23.15
DEC	1;OO;780;26.27;21.93;0.0231;26.27
DEN	1;AS;2230;7.47;4.8;0.0135;7.47
DEN	2;DL;12439;10.5;2.25;0.0086;10.5
DEN	3;OO;59962;10.81;5.7;0.0133;10.81
DEN	4;UA;101967;12.31;7.16;0.012;12.31
DEN	5;MQ;181;14.0;9.05;0.0;14.0
DEN	6;WN;96614;14.86;8.94;0.0081;14.86
DEN	7;F9;25103;15.48;10.3;0.0152;15.48
DEN	8;G4;444;16.33;13.92;0.0158;16.33
DEN	9;AA;8436;19.16;13.88;0.0162;19.16
DEN	10;B6;1233;31.19;26.83;0.0097;31.19
DEN	11;NK;36;44.25;37.86;0.0;44.25
DFW	1;MQ;70001;8.76;4.73;0.0157;8.76
DFW	2;OO;24411;9.83;5.68;0.0201;9.83
DFW	3;DL;12219;14.42;6.82;0.0092;14.42
DFW	4;UA;8268;14.99;10.76;0.0156;14.99
DFW	5;AS;2404;15.05;13.53;0.022;15.05
DFW	6;NK;10125;17.67;11.72;0.013;17.67
DFW	7;OH;9246;20.15;15.31;0.0253;20.15
DFW	8;F9;10210;21.34;20.12;0.0267;21.34
DFW	9;AA;166286;24.89;19.24;0.0199;24.89
DFW	10;B6;364;37.77;33.99;0.011;37.77
DFW	11;YX;45;38.3;25.68;0.0222;38.3
DFW	12;9E;2;99.5;130.0;0.0;99.5
DHN	1;9E;536;7.98;3.56;0.0056;7.98
DHN	2;OO;230;15.0;11.49;0.013;15.0
DIK	1;OO;671;12.08;3.24;0.0253;12.08
DLG	1;AS;110;2.18;3.52;0.0273;2.18
DLH	1;YX;501;2.21;-4.29;0.004;2.21
DLH	2;9E;189;8.13;8.02;0.0106;8.13
DLH	3;DL;108;10.64;4.41;0.0093;10.64
DLH	4;OO;1434;14.82;8.11;0.0119;14.82
DRO	1;MQ;27;-2.74;-20.3;0.0;-2.74
DRO	2;UA;725;8.73;-3.01;0.011;8.73
DRO	3;OO;3065;12.5;9.08;0.0095;12.5
DRO	4;AA;9;43.33;36.56;0.0;43.33
DSM	1;YX;930;3.55;1.74;0.0161;3.55
DSM	2;UA;2009;6.62;5.07;0.0149;6.62
DSM	3;9E;2595;7.36;0.87;0.0173;7.36
DSM	4;MQ;919;8.61;3.33;0.0185;8.61
DSM	5;WN;1779;9.15;2.13;0.0096;9.15
DSM	6;DL;1183;11.43;1.49;0.0101;11.43
DSM	7;OO;900;12.74;8.22;0.0167;12.74
DSM	8;OH;476;14.12;10.84;0.0189;14.12
DSM	9;F9;291;15.93;13.87;0.0172;15.93
DSM	10;G4;1724;19.15;14.71;0.0191;19.15
DSM	11;AA;2497;29.56;24.71;0.0168;29.56
DTW	1;YX;4834;3.03;-1.53;0.0161;3.03
DTW	2;9E;12740;4.75;0.18;0.0093;4.75
DTW	3;UA;2295;7.18;1.81;0.0109;7.18
DTW	4;MQ;854;7.19;4.73;0.0281;7.19
DTW	5;WN;4073;9.14;1.96;0.0066;9.14
DTW	6;NK;10566;9.77;0.85;0.014;9.77
DTW	7;AS;510;9.99;4.74;0.0196;9.99
DTW	8;DL;58870;11.21;5.08;0.0088;11.21
DTW	9;OH;1182;11.28;7.53;0.0195;11.28
DTW	10;B6;1034;14.68;11.79;0.0087;14.68
DTW	11;OO;26180;15.18;11.2;0.0072;15.18
DTW	12;AA;5865;15.54;9.95;0.0179;15.54
DTW	13;F9;2364;21.61;15.9;0.0338;21.61
DVL	1;OO;678;20.03;15.1;0.0428;20.03
EAR	1;OO;105;23.35;17.51;0.0286;23.35
EAU	1;OO;31;25.69;20.17;0.0645;25.69
ECP	1;DL;2350;7.89;2.49;0.0081;7.89
ECP	2;OO;288;8.5;4.17;0.0069;8.5
ECP	3;WN;3156;8.85;4.19;0.0076;8.85
ECP	4;MQ;769;14.56;9.79;0.0182;14.56
ECP	5;OH;1061;16.18;14.55;0.0075;16.18
ECP	6;YX;24;19.79;16.17;0.0;19.79
ECP	7;9E;24;36.92;35.21;0.0;36.92
ECP	8;AA;708;38.01;36.32;0.0198;38.01
EGE	1;OO;1763;11.14;3.99;0.0113;11.14
EGE	2;DL;179;14.57;5.41;0.0056;14.57
EGE	3;UA;514;18.4;13.48;0.0156;18.4
EGE	4;F9;12;26.25;33.83;0.0;26.25
EGE	5;AA;1334;38.69;36.33;0.0135;38.69
EKO	1;OO;366;-0.06;-7.04;0.0055;-0.06
ELM	1;G4;296;13.44;5.54;0.0169;13.44
ELM	2;OO;711;24.36;18.72;0.0028;24.36
ELP	1;YX;31;3.03;-3.38;0.0645;3.03
ELP	2;UA;353;5.69;-2.38;0.0057;5.69
ELP	3;OO;2302;6.38;3.37;0.0065;6.38
ELP	4;DL;714;7.84;1.14;0.0056;7.84
ELP	5;WN;8916;8.5;2.89;0.0054;8.5
ELP	6;MQ;1640;10.07;7.15;0.0079;10.07
ELP	7;F9;685;16.12;12.07;0.019;16.12
ELP	8;AA;2761;17.08;14.79;0.017;17.08
ELP	9;G4;92;18.7;15.64;0.0217;18.7
ESC	1;OO;650;10.26;5.0;0.0077;10.26
EUG	1;OO;2552;7.23;2.69;0.0137;7.23
EUG	2;WN;1732;8.22;0.41;0.0179;8.22
EUG	3;AS;298;12.26;13.78;0.0235;12.26
EUG	4;UA;1480;12.88;7.7;0.0176;12.88
EUG	5;AA;775;23.14;18.34;0.0168;23.14
EUG	6;G4;348;24.89;21.86;0.0345;24.89
EUG	7;MQ;26;47.42;33.5;0.0;47.42
EVV	1;9E;704;3.02;-4.25;0.0099;3.02
EVV	2;MQ;726;6.49;2.87;0.0083;6.49
EVV	3;OH;22;9.36;4.0;0.0;9.36
EVV	4;OO;427;18.39;15.37;0.007;18.39
EVV	5;DL;25;36.21;26.29;0.04;36.21
EVV	6;G4;202;42.08;34.02;0.0396;42.08
EWN	1;OH;51;68.4;58.49;0.0784;68.4
EWR	1;OO;1;-4.0;9.0;0.0;-4.0
EWR	2;YX;23383;4.14;-3.66;0.0316;4.14
EWR	3;G4;659;9.33;-0.83;0.0091;9.33
EWR	4;AS;3270;13.48;5.8;0.0291;13.48
EWR	5;UA;69151;14.81;7.73;0.0234;14.81
EWR	6;B6;5548;16.07;9.13;0.0202;16.07
EWR	7;NK;10754;16.94;6.46;0.0317;16.94
EWR	8;MQ;797;18.65;11.28;0.0376;18.65
EWR	9;DL;6582;20.59;14.67;0.0111;20.59
EWR	10;9E;1633;22.31;18.82;0.0386;22.31
EWR	11;AA;6827;23.18;13.48;0.0243;23.18
EWR	12;F9;373;31.31;25.64;0.0161;31.31
EYW	1;YX;1093;10.83;7.41;0.0229;10.83
EYW	2;UA;746;11.51;11.51;0.0228;11.51
EYW	3;MQ;2061;12.18;9.85;0.0286;12.18
EYW	4;DL;1323;13.47;9.76;0.0219;13.47
EYW	5;9E;159;22.29;21.96;0.0189;22.29
EYW	6;G4;642;22.8;21.63;0.0421;22.8
EYW	7;B6;179;38.93;28.91;0.0279;38.93
EYW	8;AA;1744;43.64;40.76;0.0292;43.64
FAI	1;AS;2613;2.48;-1.01;0.0111;2.48
FAI	2;UA;237;14.42;-0.2;0.0169;14.42
FAI	3;DL;602;20.63;13.34;0.0116;20.63
FAR	1;DL;711;3.69;-3.72;0.0056;3.69
FAR	2;9E;224;5.26;-2.27;0.0045;5.26
FAR	3;F9;329;8.35;5.23;0.0122;8.35
FAR	4;G4;690;9.68;1.51;0.0043;9.68
FAR	5;MQ;1763;11.87;4.77;0.0091;11.87
FAR	6;OO;2864;17.68;13.78;0.0122;17.68
FAR	7;UA;134;18.51;14.82;0.0149;18.51
FAT	1;MQ;20;-1.9;-5.85;0.0;-1.9
FAT	2;AS;377;4.56;3.33;0.0239;4.56
FAT	3;OO;6645;8.45;4.26;0.0051;8.45
FAT	4;WN;1492;11.12;5.48;0.0007;11.12
FAT	5;G4;635;11.14;12.31;0.0031;11.14
FAT	6;UA;364;19.32;11.77;0.0247;19.32
FAT	7;DL;204;19.84;11.51;0.0196;19.84
FAT	8;AA;2058;21.56;16.85;0.0141;21.56
FAY	1;DL;331;3.85;-4.93;0.0091;3.85
FAY	2;OH;641;8.22;7.46;0.014;8.22
FAY	3;9E;349;15.17;8.37;0.0;15.17
FAY	4;OO;191;31.61;27.44;0.0105;31.61
FCA	1;OO;1447;6.63;1.59;0.0083;6.63
FCA	2;DL;795;8.24;3.69;0.0075;8.24
FCA	3;UA;919;13.36;8.42;0.0098;13.36
FCA	4;G4;254;21.94;18.45;0.0118;21.94
FCA	5;AA;386;27.5;23.58;0.0052;27.5
FCA	6;MQ;39;35.03;27.72;0.0;35.03
FLG	1;OO;1850;11.53;9.12;0.0043;11.53
FLL	1;UA;8232;12.2;6.34;0.0242;12.2
FLL	2;9E;22;14.86;13.86;0.0;14.86
FLL	3;DL;12290;15.78;9.91;0.0105;15.78
FLL	4;WN;14275;15.78;10.9;0.0132;15.78
FLL	5;AS;1020;16.64;10.86;0.0735;16.64
FLL	6;B6;18910;16.67;11.52;0.0125;16.67
FLL	7;G4;3318;17.69;15.1;0.0184;17.69
FLL	8;NK;25669;18.8;14.17;0.0164;18.8
FLL	9;AA;6525;22.59;18.78;0.019;22.59
FLL	10;F9;1629;23.85;21.7;0.0399;23.85
FNT	1;G4;1384;7.82;1.45;0.0108;7.82
FNT	2;OO;828;23.85;22.06;0.0157;23.85
FOD	1;OO;627;20.66;17.35;0.0223;20.66
FSD	1;UA;741;2.33;0.44;0.0094;2.33
FSD	2;YX;56;3.48;-0.09;0.0;3.48
FSD	3;9E;354;7.32;5.62;0.0085;7.32
FSD	4;OO;2583;8.4;2.66;0.0085;8.4
FSD	5;MQ;775;11.19;4.32;0.0335;11.19
FSD	6;F9;251;11.35;11.56;0.0159;11.35
FSD	7;G4;953;15.24;9.32;0.0105;15.24
FSD	8;DL;666;19.76;14.19;0.0135;19.76
FSD	9;AA;654;24.3;16.77;0.0138;24.3
FSM	1;MQ;1012;11.88;6.96;0.0217;11.88
FSM	2;OO;172;13.54;7.61;0.0349;13.54
FWA	1;MQ;881;9.72;3.56;0.0045;9.72
FWA	2;OH;167;10.01;2.8;0.0;10.01
FWA	3;9E;234;10.86;-2.93;0.0342;10.86
FWA	4;OO;2605;19.72;14.65;0.0111;19.72
FWA	5;G4;835;21.8;17.04;0.0263;21.8
GCC	1;OO;732;10.46;4.44;0.0123;10.46
GCK	1;OO;216;12.95;10.05;0.0463;12.95
GCK	2;MQ;514;15.62;14.64;0.0175;15.62
GEG	1;UA;890;2.66;-5.06;0.0213;2.66
GEG	2;OO;5952;3.1;0.51;0.0039;3.1
GEG	3;AS;2295;3.44;1.26;0.017;3.44
GEG	4;WN;3705;6.54;0.09;0.0008;6.54
GEG	5;DL;3003;8.13;2.11;0.0097;8.13
GEG	6;G4;238;13.29;9.86;0.0084;13.29
GEG	7;AA;1444;24.1;17.47;0.0083;24.1
GFK	1;OO;1005;6.62;2.17;0.006;6.62
GFK	2;G4;192;7.19;0.95;0.0052;7.19
GFK	3;9E;86;20.15;10.98;0.0;20.15
GGG	1;OO;499;12.54;8.88;0.02;12.54
GGG	2;MQ;230;17.8;14.8;0.0217;17.8
GJT	1;UA;725;7.9;-4.08;0.0069;7.9
GJT	2;MQ;496;9.85;9.25;0.006;9.85
GJT	3;OO;2618;10.33;7.21;0.0088;10.33
GJT	4;G4;127;27.98;29.84;0.0157;27.98
GNV	1;DL;1570;5.62;-1.69;0.0127;5.62
GNV	2;MQ;586;7.4;3.21;0.0205;7.4
GNV	3;9E;123;7.52;1.04;0.0081;7.52
GNV	4;OH;746;17.11;11.29;0.0402;17.11
GPT	1;9E;55;5.62;-1.07;0.0;5.62
GPT	2;DL;1185;7.92;1.85;0.0127;7.92
GPT	3;OH;1233;8.68;7.7;0.0081;8.68
GPT	4;OO;339;10.42;8.22;0.0147;10.42
GPT	5;MQ;533;17.14;13.32;0.0263;17.14
GPT	6;G4;26;40.46;41.08;0.0;40.46
GRB	1;9E;73;1.34;-10.49;0.0;1.34
GRB	2;YX;179;3.62;1.08;0.0112;3.62
GRB	3;MQ;394;8.55;4.32;0.0178;8.55
GRB	4;OO;3075;13.43;8.72;0.015;13.43
GRB	5;DL;370;16.47;9.68;0.0054;16.47
GRB	6;F9;112;22.16;17.24;0.0268;22.16
GRI	1;G4;225;18.77;13.06;0.0178;18.77
GRI	2;OO;729;21.52;18.7;0.0165;21.52
GRK	1;MQ;1301;12.64;9.78;0.0138;12.64
GRK	2;OO;495;13.11;11.21;0.0384;13.11
GRR	1;YX;2050;2.26;-3.4;0.0205;2.26
GRR	2;9E;937;4.5;-2.33;0.0406;4.5
GRR	3;DL;2854;5.32;-2.75;0.0095;5.32
GRR	4;UA;1413;5.94;2.82;0.0106;5.94
GRR	5;G4;2167;8.64;2.51;0.0134;8.64
GRR	6;WN;1961;9.15;5.41;0.0051;9.15
GRR	7;OO;2115;14.84;11.0;0.0189;14.84
GRR	8;MQ;743;15.32;13.81;0.0175;15.32
GRR	9;OH;720;15.49;15.19;0.0278;15.49
GRR	10;AA;2526;19.79;15.51;0.0123;19.79
GRR	11;F9;751;25.95;19.66;0.0346;25.95
GSO	1;DL;2415;4.65;-3.73;0.0066;4.65
GSO	2;9E;1557;5.09;-2.86;0.0276;5.09
GSO	3;OO;1017;5.81;3.69;0.0059;5.81
GSO	4;YX;1622;5.87;1.69;0.0308;5.87
GSO	5;OH;2544;7.8;6.82;0.0114;7.8
GSO	6;MQ;1329;8.52;5.54;0.006;8.52
GSO	7;AA;1325;26.96;23.19;0.0272;26.96
GSO	8;G4;142;31.27;31.5;0.0282;31.27
GSP	1;DL;2620;4.04;-4.31;0.0092;4.04
GSP	2;YX;2132;4.79;-0.45;0.0253;4.79
GSP	3;OO;984;6.92;2.68;0.0132;6.92
GSP	4;WN;1497;7.27;0.34;0.0047;7.27
GSP	5;9E;1383;7.47;-0.08;0.0217;7.47
GSP	6;UA;467;7.7;2.97;0.015;7.7
GSP	7;OH;3902;8.82;6.78;0.01;8.82
GSP	8;MQ;1664;10.19;8.34;0.009;10.19
GSP	9;AA;1344;26.33;19.51;0.0246;26.33
GSP	10;G4;329;28.83;25.15;0.0304;28.83
GST	1;AS;90;2.4;-0.36;0.0667;2.4
GTF	1;OO;2006;3.72;-1.43;0.005;3.72
GTF	2;UA;256;7.93;-2.7;0.0234;7.93
GTF	3;G4;174;39.31;38.39;0.0057;39.31
GTR	1;9E;732;2.36;-3.88;0.0109;2.36
GUC	1;OO;725;7.22;-1.62;0.011;7.22
GUC	2;AA;124;35.58;35.98;0.0161;35.58
GUM	1;UA;732;1.07;-9.86;0.0082;1.07
HDN	1;MQ;24;8.42;6.92;0.0;8.42
HDN	2;WN;609;9.31;4.02;0.0099;9.31
HDN	3;OO;898;11.35;3.67;0.0111;11.35
HDN	4;UA;606;11.68;4.13;0.0132;11.68
HDN	5;DL;134;12.64;7.66;0.0;12.64
HDN	6;AA;185;47.71;48.92;0.0054;47.71
HDN	7;B6;60;104.0;103.37;0.0167;104.0
HGR	1;G4;296;35.12;32.46;0.0304;35.12
HHH	1;MQ;1107;9.96;7.9;0.019;9.96
HHH	2;YX;767;17.13;12.12;0.0274;17.13
HIB	1;OO;629;8.5;2.19;0.0111;8.5
HLN	1;OO;1557;11.54;7.34;0.0058;11.54
HNL	1;WN;14583;2.42;-3.82;0.0037;2.42
HNL	2;HA;31606;5.38;4.45;0.0106;5.38
HNL	3;AA;2258;5.88;-6.19;0.0004;5.88
HNL	4;DL;3685;8.86;-2.84;0.0068;8.86
HNL	5;UA;5039;10.75;-1.48;0.0113;10.75
HNL	6;AS;4377;12.04;4.28;0.0265;12.04
HOB	1;OO;444;24.11;16.86;0.0135;24.11
HOU	1;MQ;1790;12.35;8.67;0.0408;12.35
HOU	2;WN;52441;12.98;4.81;0.0109;12.98
HOU	3;OO;371;13.45;13.26;0.0108;13.45
HOU	4;DL;1600;13.97;8.76;0.01;13.97
HOU	5;F9;358;22.58;16.71;0.0475;22.58
HOU	6;G4;346;35.44;33.77;0.0173;35.44
HOU	7;OH;152;37.82;33.08;0.0724;37.82
HPN	1;YX;59;7.47;1.05;0.0;7.47
HPN	2;MQ;1208;9.21;3.24;0.0182;9.21
HPN	3;B6;5288;9.45;3.58;0.0144;9.45
HPN	4;9E;956;10.76;1.15;0.0146;10.76
HPN	5;DL;979;13.85;2.32;0.0092;13.85
HPN	6;OH;2796;16.61;13.65;0.0243;16.61
HPN	7;OO;1046;30.44;23.08;0.021;30.44
HRL	1;OO;250;2.71;0.11;0.016;2.71
HRL	2;DL;208;3.18;-7.45;0.0048;3.18
HRL	3;MQ;1581;7.06;5.07;0.0152;7.06
HRL	4;WN;2266;9.29;5.78;0.0057;9.29
HSV	1;YX;229;1.74;0.41;0.0175;1.74
HSV	2;DL;1958;3.81;-4.27;0.0107;3.81
HSV	3;9E;590;7.4;2.61;0.0153;7.4
HSV	4;OO;1720;15.01;10.93;0.0093;15.01
HSV	5;MQ;1840;16.2;12.15;0.0163;16.2
HSV	6;OH;2546;18.34;16.23;0.0208;18.34
HSV	7;AA;13;23.15;15.38;0.0;23.15
HTS	1;G4;426;42.79;41.86;0.0329;42.79
HYA	1;YX;165;12.65;18.6;0.0121;12.65
HYA	2;B6;104;50.3;54.45;0.0673;50.3
HYS	1;OO;670;11.01;4.13;0.0194;11.01
IAD	1;MQ;26;3.96;8.24;0.0385;3.96
IAD	2;9E;388;4.14;-5.31;0.0026;4.14
IAD	3;YX;8217;4.2;-1.43;0.0131;4.2
IAD	4;UA;32249;9.94;3.46;0.0147;9.94
IAD	5;AS;2100;10.7;5.51;0.0152;10.7
IAD	6;WN;1139;11.23;2.62;0.0026;11.23
IAD	7;DL;3225;11.92;0.93;0.0074;11.92
IAD	8;OH;1657;13.3;5.48;0.0109;13.3
IAD	9;F9;100;18.2;15.76;0.0;18.2
IAD	10;AA;741;19.09;9.54;0.0162;19.09
IAD	11;OO;2704;19.34;14.02;0.0141;19.34
IAD	12;G4;345;34.67;26.79;0.0174;34.67
IAG	1;G4;383;23.66;18.14;0.0209;23.66
IAH	1;AS;883;9.09;4.78;0.0238;9.09
IAH	2;OH;38;11.61;8.97;0.0;11.61
IAH	3;WN;2876;13.38;7.92;0.0163;13.38
IAH	4;DL;8028;13.6;5.79;0.0112;13.6
IAH	5;MQ;1463;14.74;7.92;0.0328;14.74
IAH	6;NK;9792;16.34;9.81;0.0217;16.34
IAH	7;UA;68547;17.33;12.02;0.0185;17.33
IAH	8;OO;13015;18.43;13.62;0.0266;18.43
IAH	9;AA;7086;24.5;19.73;0.0279;24.5
IAH	10;B6;736;26.54;20.72;0.0217;26.54
IAH	11;F9;3421;29.35;28.27;0.0313;29.35
IAH	12;YX;55;40.95;34.69;0.0;40.95
ICT	1;WN;1773;2.31;-4.7;0.0023;2.31
ICT	2;UA;587;2.42;6.14;0.0085;2.42
ICT	3;9E;168;5.37;1.93;0.0;5.37
ICT	4;DL;884;7.42;0.55;0.0113;7.42
ICT	5;MQ;2380;9.86;6.11;0.0172;9.86
ICT	6;G4;365;12.0;5.01;0.0082;12.0
ICT	7;OO;3243;13.67;9.11;0.0105;13.67
ICT	8;OH;316;21.75;22.87;0.0063;21.75
ICT	9;AA;560;29.01;26.81;0.0286;29.01
IDA	1;DL;96;7.39;9.92;0.0;7.39
IDA	2;OO;2842;8.05;1.71;0.0053;8.05
IDA	3;G4;492;29.22;27.49;0.0041;29.22
ILM	1;YX;1354;6.09;4.86;0.0222;6.09
ILM	2;OO;39;6.54;0.92;0.0;6.54
ILM	3;9E;1312;7.17;1.54;0.0213;7.17
ILM	4;MQ;1096;7.48;3.78;0.0082;7.48
ILM	5;OH;1997;10.41;8.83;0.0155;10.41
ILM	6;DL;783;11.1;4.01;0.014;11.1
ILM	7;AA;1488;17.8;12.37;0.0215;17.8
IMT	1;OO;729;14.52;9.35;0.0123;14.52
IND	1;YX;12727;1.96;-2.6;0.0121;1.96
IND	2;9E;2416;6.83;-1.08;0.0228;6.83
IND	3;DL;4495;8.28;1.48;0.0065;8.28
IND	4;MQ;1063;8.57;3.78;0.0188;8.57
IND	5;UA;2368;9.0;4.07;0.0186;9.0
IND	6;OH;295;9.48;6.24;0.0102;9.48
IND	7;AS;539;9.95;6.21;0.0204;9.95
IND	8;WN;11355;11.14;4.12;0.0093;11.14
IND	9;NK;2320;15.28;8.07;0.0263;15.28
IND	10;OO;1148;15.34;9.97;0.0148;15.34
IND	11;G4;1478;15.66;13.19;0.021;15.66
IND	12;AA;6703;15.84;11.66;0.0121;15.84
IND	13;F9;851;20.61;15.81;0.0235;20.61
INL	1;OO;653;13.87;7.16;0.0123;13.87
ISP	1;WN;2847;12.75;3.18;0.0102;12.75
ISP	2;B6;148;15.31;11.84;0.0;15.31
ISP	3;F9;1782;18.68;7.87;0.0354;18.68
ITH	1;YX;83;6.26;-6.88;0.0361;6.26
ITH	2;9E;727;8.04;-3.83;0.0289;8.04
ITO	1;WN;1829;-2.45;-5.26;0.0038;-2.45
ITO	2;HA;4928;3.84;3.98;0.0108;3.84
JAC	1;AS;83;3.08;4.05;0.0602;3.08
JAC	2;OO;1150;10.09;3.85;0.0157;10.09
JAC	3;DL;1303;16.41;7.75;0.0084;16.41
JAC	4;UA;2036;16.59;10.85;0.0192;16.59
JAC	5;AA;1053;53.08;48.89;0.0114;53.08
JAN	1;DL;2003;3.95;-2.39;0.006;3.95
JAN	2;9E;248;5.64;3.44;0.004;5.64
JAN	3;WN;1755;11.15;5.77;0.008;11.15
JAN	4;OO;448;15.54;12.63;0.0089;15.54
JAN	5;MQ;1080;17.18;13.72;0.0213;17.18
JAN	6;OH;1333;18.62;15.88;0.024;18.62
JAX	1;OO;163;6.73;3.03;0.0245;6.73
JAX	2;YX;1672;6.75;1.32;0.0173;6.75
JAX	3;9E;909;7.64;-0.2;0.0275;7.64
JAX	4;WN;4758;8.56;2.71;0.0099;8.56
JAX	5;MQ;1180;9.69;7.31;0.0136;9.69
JAX	6;UA;3805;9.97;5.65;0.0142;9.97
JAX	7;DL;5836;10.99;5.43;0.0113;10.99
JAX	8;F9;910;14.93;12.43;0.0286;14.93
JAX	9;G4;728;15.54;12.19;0.0137;15.54
JAX	10;OH;1052;15.62;12.19;0.0143;15.62
JAX	11;AA;7369;17.88;15.51;0.0189;17.88
JAX	12;B6;1836;19.39;15.04;0.0207;19.39
JFK	1;YX;17238;4.31;-2.42;0.0215;4.31
JFK	2;AS;3787;7.85;-0.22;0.0301;7.85
JFK	3;9E;17133;8.11;1.1;0.0345;8.11
JFK	4;HA;368;11.14;8.33;0.0109;11.14
JFK	5;AA;14504;11.68;0.72;0.0113;11.68
JFK	6;DL;30444;12.91;1.92;0.0094;12.91
JFK	7;F9;828;16.7;11.2;0.0109;16.7
JFK	8;B6;36115;18.97;10.7;0.0186;18.97
JFK	9;OO;2931;21.89;14.08;0.029;21.89
JLN	1;OO;627;18.15;10.96;0.0191;18.15
JMS	1;OO;615;15.9;12.21;0.0569;15.9
JNU	1;AS;4587;1.49;0.6;0.0187;1.49
JNU	2;DL;151;10.27;2.87;0.0;10.27
JST	1;OO;731;19.53;12.38;0.0233;19.53
KOA	1;WN;3402;-1.07;-6.48;0.0047;-1.07
KOA	2;HA;7780;3.25;2.78;0.0082;3.25
KOA	3;DL;732;6.05;-4.54;0.0205;6.05
KOA	4;AS;2052;8.88;1.68;0.0307;8.88
KOA	5;UA;1610;9.74;-1.48;0.0161;9.74
KOA	6;AA;751;17.8;8.13;0.0;17.8
KTN	1;AS;2421;0.55;-2.56;0.0182;0.55
KTN	2;OO;94;29.11;32.22;0.0213;29.11
LAN	1;9E;146;6.64;0.34;0.0205;6.64
LAN	2;OO;858;17.4;14.02;0.007;17.4
LAN	3;OH;294;17.98;17.65;0.0306;17.98
LAR	1;OO;627;10.23;8.04;0.0367;10.23
LAS	1;G4;7539;8.16;3.23;0.006;8.16
LAS	2;DL;16263;8.47;0.56;0.0073;8.47
LAS	3;UA;14306;9.35;3.12;0.0171;9.35
LAS	4;NK;26247;10.38;4.61;0.0116;10.38
LAS	5;AS;5436;10.59;8.95;0.0221;10.59
LAS	6;WN;85662;13.79;5.82;0.0052;13.79
LAS	7;F9;13091;14.76;11.19;0.0141;14.76
LAS	8;OO;2236;15.05;17.38;0.0152;15.05
LAS	9;B6;3012;19.28;9.45;0.0076;19.28
LAS	10;AA;14022;19.56;12.25;0.0106;19.56
LAS	11;HA;1412;19.71;17.75;0.0028;19.71
LAS	12;MQ;26;66.96;60.15;0.0;66.96
LAW	1;OO;935;13.08;10.73;0.0353;13.08
LAW	2;MQ;151;16.71;9.8;0.0265;16.71
LAX	1;AS;9281;5.27;1.47;0.0187;5.27
LAX	2;OO;38410;6.14;4.01;0.0036;6.14
LAX	3;UA;27366;8.37;0.42;0.0171;8.37
LAX	4;B6;9196;9.2;1.27;0.0034;9.2
LAX	5;DL;36344;9.61;3.2;0.0067;9.61
LAX	6;NK;11467;10.04;2.52;0.0116;10.04
LAX	7;G4;1038;11.07;7.23;0.0077;11.07
LAX	8;WN;25868;11.52;4.36;0.0044;11.52
LAX	9;MQ;55;13.04;10.36;0.0;13.04
LAX	10;HA;2324;13.8;10.56;0.0125;13.8
LAX	11;AA;30404;17.04;9.72;0.0066;17.04
LAX	12;F9;2300;28.5;28.55;0.0187;28.5
LBB	1;WN;2637;6.55;-0.74;0.008;6.55
LBB	2;OO;1182;10.92;8.78;0.0203;10.92
LBB	3;MQ;1946;11.29;9.15;0.019;11.29
LBB	4;AA;425;29.84;28.48;0.0259;29.84
LBE	1;NK;576;4.98;-4.2;0.0243;4.98
LBF	1;OO;628;7.5;7.15;0.0191;7.5
LBL	1;OO;566;10.41;6.76;0.0353;10.41
LCH	1;OO;1010;19.87;16.52;0.0228;19.87
LCH	2;MQ;76;37.92;38.33;0.0526;37.92
LCK	1;G4;958;16.6;13.53;0.0251;16.6
LEX	1;YX;756;2.5;0.42;0.0079;2.5
LEX	2;9E;215;4.83;-1.7;0.0;4.83
LEX	3;DL;1846;5.89;-5.75;0.0114;5.89
LEX	4;MQ;1018;8.85;2.27;0.0147;8.85
LEX	5;OO;1886;9.84;4.07;0.0095;9.84
LEX	6;OH;1519;11.43;6.89;0.0099;11.43
LEX	7;G4;830;24.13;22.42;0.0229;24.13
LEX	8;AA;1068;27.12;25.55;0.0253;27.12
LFT	1;9E;802;6.12;0.73;0.0125;6.12
LFT	2;MQ;415;13.94;9.82;0.012;13.94
LFT	3;OO;949;14.75;8.44;0.0148;14.75
LFT	4;OH;1088;25.12;23.27;0.0349;25.12
LFT	5;NK;1;73.0;59.0;0.0;73.0
LGA	1;YX;42015;3.0;-4.53;0.0231;3.0
LGA	2;9E;32064;7.23;-3.04;0.035;7.23
LGA	3;UA;8310;9.6;2.05;0.0206;9.6
LGA	4;NK;8104;13.06;2.87;0.0244;13.06
LGA	5;DL;27439;14.05;3.88;0.0139;14.05
LGA	6;WN;11626;15.08;2.47;0.0175;15.08
LGA	7;AA;16671;16.48;8.67;0.023;16.48
LGA	8;B6;9572;18.69;10.41;0.0218;18.69
LGA	9;OO;4129;21.32;14.5;0.0281;21.32
LGA	10;F9;2502;30.59;23.35;0.036;30.59
LGB	1;HA;663;1.25;-4.61;0.006;1.25
LGB	2;OO;640;4.68;-1.0;0.0;4.68
LGB	3;WN;15909;7.56;0.61;0.0053;7.56
LGB	4;DL;437;14.39;6.61;0.0069;14.39
LIH	1;WN;3342;-0.18;-6.91;0.0012;-0.18
LIH	2;DL;732;1.4;-10.9;0.015;1.4
LIH	3;HA;8769;3.17;2.14;0.0132;3.17
LIH	4;UA;1250;3.39;-7.22;0.0048;3.39
LIH	5;AA;751;11.01;0.57;0.0;11.01
LIH	6;AS;1113;12.9;5.61;0.0099;12.9
LIT	1;DL;2031;4.02;-3.27;0.0064;4.02
LIT	2;YX;465;4.83;1.13;0.0129;4.83
LIT	3;WN;2569;7.68;0.48;0.0027;7.68
LIT	4;F9;112;7.74;6.11;0.0179;7.74
LIT	5;OO;1929;12.02;9.31;0.015;12.02
LIT	6;9E;285;12.28;8.2;0.014;12.28
LIT	7;MQ;3625;14.42;12.78;0.0108;14.42
LIT	8;OH;762;27.87;22.55;0.0197;27.87
LIT	9;AA;760;29.65;28.62;0.0184;29.65
LIT	10;G4;119;35.58;31.75;0.0084;35.58
LNK	1;YX;37;9.75;4.39;0.027;9.75
LNK	2;OO;1826;13.33;7.44;0.0066;13.33
LRD	1;OO;65;8.92;8.54;0.0;8.92
LRD	2;MQ;1596;13.09;11.51;0.0163;13.09
LRD	3;G4;134;23.14;19.75;0.0149;23.14
LSE	1;MQ;332;10.26;7.27;0.0181;10.26
LWS	1;OO;1097;11.28;7.25;0.0055;11.28
MAF	1;UA;49;-1.27;-0.12;0.0204;-1.27
MAF	2;WN;3675;8.41;3.36;0.0101;8.41
MAF	3;OO;3199;9.9;5.96;0.0113;9.9
MAF	4;MQ;2558;11.81;9.58;0.0203;11.81
MBS	1;9E;96;-1.47;-4.93;0.0;-1.47
MBS	2;OO;2114;14.68;10.77;0.0147;14.68
MCI	1;AS;775;-0.05;-1.75;0.0103;-0.05
MCI	2;DL;7081;4.75;-1.85;0.0075;4.75
MCI	3;UA;3707;4.81;1.78;0.014;4.81
MCI	4;YX;1722;4.88;1.9;0.018;4.88
MCI	5;MQ;1227;6.7;2.45;0.013;6.7
MCI	6;WN;24098;9.6;3.46;0.0089;9.6
MCI	7;OO;1121;10.91;7.88;0.0178;10.91
MCI	8;F9;387;11.92;11.61;0.0103;11.92
MCI	9;9E;1241;12.5;6.47;0.0419;12.5
MCI	10;G4;224;13.94;11.46;0.0223;13.94
MCI	11;NK;1815;15.01;6.68;0.0231;15.01
MCI	12;AA;5810;17.04;15.23;0.0138;17.04
MCI	13;OH;497;24.36;19.87;0.0262;24.36
MCI	14;B6;164;29.03;28.44;0.0061;29.03
MCO	1;UA;13840;13.56;7.5;0.0281;13.56
MCO	2;F9;17916;13.71;9.32;0.0219;13.71
MCO	3;NK;22923;14.9;9.71;0.0179;14.9
MCO	4;WN;44868;15.06;9.34;0.0146;15.06
MCO	5;DL;21767;15.77;10.15;0.0149;15.77
MCO	6;AS;2641;16.19;13.24;0.0386;16.19
MCO	7;AA;18033;18.86;14.91;0.0191;18.86
MCO	8;B6;17335;20.5;14.48;0.0165;20.5
MCO	9;G4;230;30.67;29.21;0.0261;30.67
MCW	1;OO;627;24.73;21.26;0.0367;24.73
MDT	1;YX;283;-1.96;-12.39;0.0106;-1.96
MDT	2;UA;402;7.13;4.28;0.01;7.13
MDT	3;DL;771;7.56;-2.88;0.0078;7.56
MDT	4;9E;289;8.8;-2.31;0.0104;8.8
MDT	5;OH;656;12.05;7.83;0.0076;12.05
MDT	6;OO;922;13.79;7.77;0.0108;13.79
MDT	7;G4;907;17.67;11.48;0.0187;17.67
MDT	8;AA;1057;21.04;16.88;0.0114;21.04
MDT	9;F9;80;26.78;20.01;0.025;26.78
MDW	1;DL;1544;9.34;1.2;0.0078;9.34
MDW	2;WN;71835;12.48;5.71;0.0112;12.48
MDW	3;OO;1982;14.05;9.98;0.0071;14.05
MDW	4;F9;3828;20.71;14.6;0.0243;20.71
MDW	5;G4;444;21.03;17.78;0.018;21.03
MEI	1;OO;627;13.18;10.77;0.0303;13.18
MEM	1;DL;4429;5.6;-1.82;0.0113;5.6
MEM	2;YX;3020;5.98;-0.17;0.0152;5.98
MEM	3;9E;1064;6.86;0.3;0.0263;6.86
MEM	4;UA;1526;7.21;3.26;0.0157;7.21
MEM	5;MQ;1587;7.86;2.86;0.0101;7.86
MEM	6;WN;3557;12.33;5.92;0.0065;12.33
MEM	7;OH;756;12.71;7.7;0.0093;12.71
MEM	8;NK;940;13.24;2.64;0.016;13.24
MEM	9;OO;762;14.64;10.14;0.021;14.64
MEM	10;F9;171;15.35;14.0;0.0058;15.35
MEM	11;AA;4311;19.14;15.69;0.0172;19.14
MEM	12;G4;501;21.69;15.9;0.012;21.69
MFE	1;UA;564;3.44;-1.96;0.0355;3.44
MFE	2;MQ;779;9.45;8.68;0.0167;9.45
MFE	3;G4;488;13.18;6.82;0.0061;13.18
MFE	4;OO;1037;17.23;15.26;0.0087;17.23
MFE	5;AA;1816;20.79;19.04;0.0226;20.79
MFR	1;OO;2857;7.55;2.87;0.0095;7.55
MFR	2;UA;1191;13.63;6.61;0.0101;13.63
MFR	3;G4;321;29.66;27.14;0.0187;29.66
MGM	1;MQ;577;7.69;2.12;0.0052;7.69
MGM	2;9E;922;10.26;4.89;0.0065;10.26
MGM	3;OO;630;20.93;15.28;0.0127;20.93
MGM	4;OH;498;22.62;20.2;0.0442;22.62
MGW	1;OO;37;72.62;69.05;0.0;72.62
MHK	1;OO;2;3.0;-13.5;0.0;3.0
MHK	2;MQ;979;7.31;-3.4;0.0163;7.31
MHT	1;YX;66;0.68;-1.38;0.0152;0.68
MHT	2;MQ;295;2.59;0.79;0.0068;2.59
MHT	3;WN;2717;7.26;-1.09;0.0048;7.26
MHT	4;OH;2324;12.88;7.36;0.0176;12.88
MHT	5;AA;121;24.55;18.3;0.0;24.55
MHT	6;NK;127;26.32;14.31;0.0394;26.32
MIA	1;MQ;14015;7.48;4.85;0.0148;7.48
MIA	2;YX;619;11.46;4.18;0.0194;11.46
MIA	3;NK;5631;12.61;7.47;0.0181;12.61
MIA	4;AS;534;14.27;11.38;0.0543;14.27
MIA	5;WN;5740;15.83;12.15;0.0143;15.83
MIA	6;UA;6393;17.6;12.92;0.028;17.6
MIA	7;F9;3796;18.87;15.85;0.025;18.87
MIA	8;DL;11416;19.62;13.47;0.0114;19.62
MIA	9;AA;59884;23.54;17.35;0.0167;23.54
MIA	10;B6;1901;26.15;22.29;0.0221;26.15
MIA	11;9E;15;29.53;35.53;0.0;29.53
MKE	1;MQ;57;0.75;-2.36;0.0351;0.75
MKE	2;AS;472;1.64;-3.41;0.0085;1.64
MKE	3;YX;1854;6.39;-0.02;0.0264;6.39
MKE	4;DL;4341;6.92;0.38;0.0092;6.92
MKE	5;NK;778;7.94;0.08;0.0219;7.94
MKE	6;WN;9633;7.95;1.08;0.0101;7.95
MKE	7;UA;668;11.14;4.55;0.012;11.14
MKE	8;OO;5204;13.55;8.62;0.0163;13.55
MKE	9;F9;530;14.06;6.52;0.0151;14.06
MKE	10;OH;997;14.08;14.04;0.0181;14.08
MKE	11;9E;906;14.12;7.79;0.0243;14.12
MKE	12;B6;536;16.52;11.59;0.0112;16.52
MKE	13;AA;2718;24.36;20.12;0.0169;24.36
MLB	1;DL;1392;3.6;-2.35;0.0101;3.6
MLB	2;G4;262;6.97;0.57;0.0229;6.97
MLB	3;OH;1159;8.72;6.94;0.0198;8.72
MLI	1;9E;728;8.38;2.47;0.0206;8.38
MLI	2;MQ;790;11.44;3.06;0.0215;11.44
MLI	3;OH;721;12.54;10.29;0.0194;12.54
MLI	4;G4;466;16.02;9.62;0.0107;16.02
MLI	5;OO;1577;16.83;13.88;0.0216;16.83
MLU	1;9E;869;10.67;7.12;0.0081;10.67
MLU	2;OO;211;12.02;12.08;0.0095;12.02
MLU	3;MQ;944;12.65;8.76;0.018;12.65
MOB	1;DL;572;4.06;-2.1;0.014;4.06
MOB	2;9E;770;4.39;-0.21;0.0091;4.39
MOB	3;MQ;1045;9.71;7.21;0.0191;9.71
MOB	4;OO;192;24.41;19.14;0.0;24.41
MOB	5;OH;25;135.13;130.09;0.08;135.13
MOT	1;G4;376;14.34;6.94;0.0106;14.34
MOT	2;OO;2000;14.59;10.08;0.0155;14.59
MQT	1;9E;121;-1.82;-14.26;0.0248;-1.82
MQT	2;OO;245;8.24;3.29;0.0163;8.24
MQT	3;MQ;481;15.77;11.52;0.0042;15.77
MRY	1;MQ;477;4.87;2.0;0.0042;4.87
MRY	2;OO;3456;7.83;5.81;0.0087;7.83
MRY	3;AA;649;28.1;24.77;0.0139;28.1
MRY	4;G4;106;50.32;51.11;0.0094;50.32
MSN	1;YX;1212;1.84;-3.19;0.0099;1.84
MSN	2;DL;1924;5.41;-2.47;0.0104;5.41
MSN	3;9E;754;6.23;-0.3;0.0225;6.23
MSN	4;UA;1523;7.74;5.48;0.0131;7.74
MSN	5;OH;1091;11.99;10.69;0.0101;11.99
MSN	6;MQ;671;12.05;12.29;0.0194;12.05
MSN	7;OO;2229;14.08;10.93;0.0148;14.08
MSN	8;F9;312;15.0;11.18;0.0192;15.0
MSN	9;AA;2073;28.28;24.14;0.0121;28.28
MSO	1;OO;1139;7.12;4.19;0.0079;7.12
MSO	2;DL;731;8.28;3.87;0.0109;8.28
MSO	3;MQ;348;11.4;9.39;0.0086;11.4
MSO	4;UA;1041;12.65;5.57;0.0183;12.65
MSO	5;F9;117;13.42;15.24;0.0256;13.42
MSO	6;AS;249;15.09;5.7;0.0;15.09
MSO	7;AA;232;17.08;11.29;0.0043;17.08
MSO	8;G4;313;30.64;29.4;0.0192;30.64
MSP	1;9E;7555;6.91;3.14;0.0081;6.91
MSP	2;AS;1050;7.57;1.81;0.0143;7.57
MSP	3;YX;1208;7.83;3.64;0.0174;7.83
MSP	4;UA;5410;8.51;3.89;0.0137;8.51
MSP	5;DL;69402;8.83;2.01;0.0083;8.83
MSP	6;WN;7297;9.2;1.65;0.007;9.2
MSP	7;MQ;898;10.35;8.88;0.0078;10.35
MSP	8;OO;25134;12.62;7.44;0.0074;12.62
MSP	9;NK;1181;13.93;10.95;0.011;13.93
MSP	10;G4;271;15.95;5.17;0.0037;15.95
MSP	11;AA;4698;16.07;10.31;0.0136;16.07
MSP	12;F9;1676;19.34;16.0;0.0197;19.34
MSP	13;OH;675;23.21;22.22;0.0237;23.21
MSP	14;B6;324;35.07;30.57;0.0154;35.07
MSY	1;9E;2;-7.0;-27.5;0.0;-7.0
MSY	2;MQ;1075;9.18;6.45;0.0167;9.18
MSY	3;YX;605;9.6;4.48;0.0066;9.6
MSY	4;UA;6525;10.05;4.59;0.0215;10.05
MSY	5;AS;702;10.45;5.63;0.0071;10.45
MSY	6;DL;7243;11.26;4.0;0.0095;11.26
MSY	7;OO;322;11.9;6.99;0.0342;11.9
MSY	8;WN;18753;13.39;8.51;0.0099;13.39
MSY	9;NK;5229;13.81;7.43;0.021;13.81
MSY	10;OH;659;15.3;8.06;0.0228;15.3
MSY	11;F9;855;20.79;17.8;0.0409;20.79
MSY	12;AA;6759;21.78;19.18;0.016;21.78
MSY	13;B6;1354;26.05;19.19;0.0177;26.05
MSY	14;G4;90;32.19;28.58;0.0111;32.19
MTJ	1;DL;103;5.43;-0.68;0.0;5.43
MTJ	2;UA;847;8.6;-0.72;0.013;8.6
MTJ	3;WN;623;10.76;4.17;0.0016;10.76
MTJ	4;OO;717;11.94;5.97;0.0167;11.94
MTJ	5;MQ;62;16.08;16.45;0.0323;16.08
MTJ	6;AA;504;22.88;20.85;0.002;22.88
MVY	1;YX;536;15.53;15.09;0.0429;15.53
MVY	2;B6;517;21.63;20.77;0.0561;21.63
MVY	3;MQ;22;98.14;103.64;0.0;98.14
MYR	1;OO;32;-0.91;-7.75;0.0;-0.91
MYR	2;DL;2042;2.42;-3.98;0.0103;2.42
MYR	3;9E;547;6.76;-1.77;0.0238;6.76
MYR	4;WN;2356;8.05;1.71;0.0064;8.05
MYR	5;YX;616;8.35;0.77;0.0373;8.35
MYR	6;MQ;385;9.56;5.63;0.0104;9.56
MYR	7;UA;282;9.86;0.4;0.0142;9.86
MYR	8;NK;4787;9.94;4.85;0.0255;9.94
MYR	9;OH;2251;10.98;7.06;0.0182;10.98
MYR	10;AA;1169;14.23;11.1;0.0197;14.23
MYR	11;G4;1129;18.92;17.61;0.0301;18.92
MYR	12;F9;414;22.28;20.27;0.0628;22.28
OAJ	1;DL;304;3.37;-2.2;0.0132;3.37
OAJ	2;9E;548;7.9;0.57;0.0;7.9
OAJ	3;OH;945;14.52;11.75;0.018;14.52
OAK	1;HA;1010;-1.22;-2.9;0.0198;-1.22
OAK	2;OO;1350;2.11;-1.7;0.003;2.11
OAK	3;G4;156;2.67;2.9;0.0128;2.67
OAK	4;AS;726;4.34;-2.57;0.0234;4.34
OAK	5;DL;567;5.2;-3.85;0.0141;5.2
OAK	6;NK;2863;9.1;4.94;0.0192;9.1
OAK	7;WN;34697;9.19;2.12;0.0052;9.19
OGG	1;WN;6684;0.09;-6.04;0.0051;0.09
OGG	2;UA;1868;3.84;-8.26;0.0102;3.84
OGG	3;HA;13588;4.15;2.61;0.0093;4.15
OGG	4;AA;1260;8.35;-1.36;0.004;8.35
OGG	5;DL;1021;8.38;-3.74;0.0118;8.38
OGG	6;AS;2122;9.26;2.23;0.0358;9.26
OKC	1;DL;1724;2.45;-5.63;0.0087;2.45
OKC	2;AS;347;4.67;5.33;0.0231;4.67
OKC	3;YX;956;6.23;1.8;0.0157;6.23
OKC	4;F9;464;6.64;0.58;0.0151;6.64
OKC	5;MQ;2128;7.73;4.22;0.0188;7.73
OKC	6;WN;7282;7.86;2.42;0.006;7.86
OKC	7;OO;6690;8.77;5.13;0.0064;8.77
OKC	8;G4;154;13.93;11.84;0.0065;13.93
OKC	9;UA;30;16.13;17.83;0.0;16.13
OKC	10;AA;2708;18.15;16.37;0.0185;18.15
OKC	11;OH;307;25.43;22.18;0.0195;25.43
OKC	12;9E;4;36.75;39.0;0.0;36.75
OMA	1;YX;1045;3.84;0.49;0.0144;3.84
OMA	2;AS;470;5.56;2.83;0.0149;5.56
OMA	3;MQ;547;6.29;3.21;0.0128;6.29
OMA	4;DL;1902;7.58;-1.24;0.01;7.58
OMA	5;9E;497;9.7;5.01;0.0302;9.7
OMA	6;UA;2890;10.19;7.98;0.0159;10.19
OMA	7;WN;7854;10.86;3.97;0.0103;10.86
OMA	8;OO;4308;11.09;7.18;0.0084;11.09
OMA	9;G4;556;14.28;9.92;0.0216;14.28
OMA	10;AA;3170;17.3;12.79;0.0129;17.3
OMA	11;OH;91;20.84;20.02;0.011;20.84
OMA	12;F9;436;23.54;23.1;0.0183;23.54
OME	1;AS;365;-0.93;3.36;0.0356;-0.93
ONT	1;MQ;66;-4.27;-8.71;0.0;-4.27
ONT	2;AS;1414;3.72;0.38;0.024;3.72
ONT	3;DL;1840;4.46;-5.87;0.0092;4.46
ONT	4;OO;2709;5.43;2.67;0.0041;5.43
ONT	5;UA;1437;6.5;-1.5;0.0084;6.5
ONT	6;WN;11100;7.61;0.14;0.0035;7.61
ONT	7;HA;368;7.9;6.31;0.0054;7.9
ONT	8;F9;3505;14.67;12.3;0.0203;14.67
ONT	9;B6;300;15.11;5.06;0.02;15.11
ONT	10;AA;3436;15.37;9.29;0.0116;15.37
ORD	1;YX;17102;4.57;-1.7;0.0094;4.57
ORD	2;WN;6793;10.27;2.93;0.0159;10.27
ORD	3;MQ;33887;10.92;7.44;0.0117;10.92
ORD	4;9E;79;11.64;10.86;0.0127;11.64
ORD	5;AS;3160;13.28;8.31;0.0146;13.28
ORD	6;UA;89830;13.5;7.12;0.0132;13.5
ORD	7;DL;10994;15.16;8.03;0.0112;15.16
ORD	8;OO;53807;16.95;12.38;0.0174;16.95
ORD	9;NK;8500;21.48;13.4;0.0179;21.48
ORD	10;AA;51995;21.52;16.93;0.011;21.52
ORD	11;B6;1245;24.26;19.29;0.0177;24.26
ORD	12;F9;2660;28.19;28.95;0.0301;28.19
ORF	1;YX;2802;5.07;1.64;0.0243;5.07
ORF	2;UA;2329;8.4;3.2;0.021;8.4
ORF	3;MQ;420;8.85;4.32;0.0071;8.85
ORF	4;OH;3108;9.63;6.16;0.0109;9.63
ORF	5;WN;3155;11.04;4.25;0.0035;11.04
ORF	6;9E;2197;12.16;6.56;0.0273;12.16
ORF	7;DL;2443;13.12;6.36;0.0102;13.12
ORF	8;AA;2881;21.75;15.67;0.0201;21.75
ORF	9;NK;952;22.39;13.75;0.0305;22.39
ORF	10;G4;227;24.56;23.42;0.0352;24.56
ORF	11;OO;348;24.75;20.76;0.0057;24.75
ORF	12;F9;257;29.59;30.85;0.0467;29.59
ORH	1;YX;360;-0.46;-6.27;0.05;-0.46
ORH	2;9E;299;16.1;10.19;0.0502;16.1
ORH	3;B6;745;23.84;13.86;0.0188;23.84
OTH	1;OO;345;35.35;29.62;0.0116;35.35
OTZ	1;AS;366;-2.31;-1.22;0.0601;-2.31
PAE	1;AS;1071;2.3;-1.23;0.0299;2.3
PBG	1;G4;501;27.68;21.82;0.0399;27.68
PBI	1;YX;16;-4.81;-6.88;0.0;-4.81
PBI	2;NK;461;7.67;1.49;0.0174;7.67
PBI	3;WN;2584;10.49;5.32;0.0077;10.49
PBI	4;DL;7098;13.92;8.13;0.0135;13.92
PBI	5;G4;377;16.04;14.2;0.0159;16.04
PBI	6;B6;8566;16.54;10.97;0.0156;16.54
PBI	7;UA;3534;17.03;10.15;0.0328;17.03
PBI	8;AA;6008;22.75;20.01;0.018;22.75
PBI	9;F9;832;28.49;24.17;0.0325;28.49
PDX	1;MQ;47;-4.36;-10.81;0.0;-4.36
PDX	2;AS;16983;4.89;3.6;0.0208;4.89
PDX	3;OO;10637;5.1;3.84;0.0058;5.1
PDX	4;DL;7171;5.98;-2.53;0.0084;5.98
PDX	5;G4;330;7.75;2.71;0.0;7.75
PDX	6;WN;9565;9.16;2.93;0.0049;9.16
PDX	7;UA;6626;10.18;3.48;0.014;10.18
PDX	8;HA;736;13.02;9.24;0.0068;13.02
PDX	9;NK;1717;14.42;7.79;0.0204;14.42
PDX	10;F9;1765;17.2;16.56;0.0232;17.2
PDX	11;AA;3794;19.51;12.29;0.0148;19.51
PDX	12;B6;213;44.9;39.26;0.0094;44.9
PGD	1;G4;6337;11.61;8.24;0.0181;11.61
PHL	1;YX;8788;3.07;-1.82;0.0183;3.07
PHL	2;B6;1080;6.01;0.4;0.0167;6.01
PHL	3;9E;150;6.35;-2.3;0.0;6.35
PHL	4;UA;4040;7.92;0.41;0.0124;7.92
PHL	5;AS;633;10.76;8.5;0.0142;10.76
PHL	6;DL;5954;11.17;1.75;0.0091;11.17
PHL	7;OH;12413;12.91;8.48;0.0144;12.91
PHL	8;WN;5000;14.01;5.89;0.0064;14.01
PHL	9;NK;4910;15.38;5.49;0.0193;15.38
PHL	10;AA;45611;17.88;11.15;0.0167;17.88
PHL	11;F9;11862;20.49;15.43;0.0268;20.49
PHL	12;OO;194;24.52;16.32;0.0103;24.52
PHX	1;AS;5016;4.77;3.86;0.0193;4.77
PHX	2;MQ;8318;4.8;0.27;0.003;4.8
PHX	3;OO;25385;5.08;1.95;0.0023;5.08
PHX	4;HA;366;8.18;5.56;0.0027;8.18
PHX	5;DL;10576;8.58;0.39;0.0068;8.58
PHX	6;UA;10269;8.71;1.69;0.0161;8.71
PHX	7;WN;66351;12.09;5.17;0.0046;12.09
PHX	8;F9;9540;12.96;9.85;0.0119;12.96
PHX	9;AA;55209;13.65;8.32;0.0055;13.65
PHX	10;G4;430;15.6;12.33;0.0093;15.6
PHX	11;NK;1142;18.69;15.44;0.021;18.69
PHX	12;B6;949;35.93;28.91;0.0116;35.93
PIA	1;G4;1088;8.2;3.89;0.0184;8.2
PIA	2;OH;941;14.99;13.57;0.0149;14.99
PIA	3;OO;1096;18.21;13.61;0.0192;18.21
PIA	4;MQ;619;18.33;10.96;0.0129;18.33
PIB	1;OO;627;13.32;8.14;0.0287;13.32
PIE	1;G4;8303;10.12;7.34;0.0263;10.12
PIH	1;OO;700;-3.08;-9.15;0.0;-3.08
PIT	1;YX;9662;0.11;-5.6;0.0129;0.11
PIT	2;AS;470;3.77;-3.61;0.0255;3.77
PIT	3;DL;3404;5.57;-1.96;0.0085;5.57
PIT	4;OO;908;6.55;0.11;0.0033;6.55
PIT	5;MQ;694;8.04;3.21;0.0115;8.04
PIT	6;B6;1195;8.27;5.48;0.0176;8.27
PIT	7;UA;3037;9.73;4.4;0.0095;9.73
PIT	8;WN;10219;9.89;3.55;0.0094;9.89
PIT	9;G4;1404;10.35;7.01;0.0214;10.35
PIT	10;OH;696;12.59;7.59;0.0273;12.59
PIT	11;9E;1801;14.18;7.27;0.0272;14.18
PIT	12;AA;6326;16.17;13.14;0.0128;16.17
PIT	13;F9;537;17.36;22.85;0.041;17.36
PIT	14;NK;3478;19.5;12.06;0.0288;19.5
PLN	1;OO;846;12.47;5.67;0.0189;12.47
PNS	1;DL;2554;2.67;-2.9;0.0074;2.67
PNS	2;UA;693;6.23;-0.1;0.0159;6.23
PNS	3;WN;2272;7.0;0.21;0.0035;7.0
PNS	4;MQ;1521;10.64;8.16;0.0138;10.64
PNS	5;NK;961;15.38;6.81;0.026;15.38
PNS	6;F9;414;15.4;12.08;0.0217;15.4
PNS	7;OH;2635;19.22;17.01;0.0095;19.22
PNS	8;9E;265;22.76;16.84;0.0113;22.76
PNS	9;YX;86;24.81;20.87;0.0233;24.81
PNS	10;OO;177;29.01;26.34;0.0;29.01
PNS	11;AA;1786;34.42;33.43;0.0246;34.42
PPG	1;HA;125;19.99;15.55;0.0;19.99
PQI	1;B6;117;6.64;1.58;0.0085;6.64
PRC	1;OO;731;23.63;20.51;0.0055;23.63
PSC	1;OO;4149;5.43;0.1;0.0031;5.43
PSC	2;G4;309;7.27;4.03;0.0065;7.27
PSC	3;AS;373;7.44;9.59;0.0214;7.44
PSC	4;DL;402;12.98;3.66;0.005;12.98
PSE	1;B6;644;7.42;0.96;0.0233;7.42
PSE	2;F9;301;10.06;7.23;0.0199;10.06
PSG	1;AS;726;-0.65;-2.23;0.0152;-0.65
PSM	1;G4;373;16.72;8.5;0.0214;16.72
PSP	1;AS;1518;3.34;0.91;0.0369;3.34
PSP	2;DL;662;6.91;-2.23;0.003;6.91
PSP	3;MQ;118;7.34;4.08;0.0254;7.34
PSP	4;WN;2610;7.74;1.82;0.0027;7.74
PSP	5;F9;20;8.0;10.75;0.0;8.0
PSP	6;OO;5438;8.11;6.8;0.0075;8.11
PSP	7;G4;102;9.81;5.96;0.0;9.81
PSP	8;UA;1473;10.35;3.89;0.0048;10.35
PSP	9;AA;1787;14.62;10.63;0.0123;14.62
PSP	10;B6;79;30.13;19.23;0.0127;30.13
PVD	1;YX;1008;2.19;-4.51;0.0079;2.19
PVD	2;UA;134;8.98;6.77;0.0149;8.98
PVD	3;MQ;465;9.82;10.02;0.0043;9.82
PVD	4;B6;1594;9.89;3.13;0.0088;9.89
PVD	5;WN;4888;10.0;1.33;0.0115;10.0
PVD	6;OO;563;11.41;9.0;0.0053;11.41
PVD	7;9E;744;12.2;4.15;0.0228;12.2
PVD	8;OH;1643;12.99;10.33;0.0213;12.99
PVD	9;DL;1364;13.84;4.28;0.0103;13.84
PVD	10;AA;2210;16.81;11.77;0.009;16.81
PVD	11;G4;237;21.45;11.83;0.0042;21.45
PVU	1;G4;1878;10.86;7.08;0.0048;10.86
PVU	2;OO;309;23.12;20.92;0.0129;23.12
PWM	1;YX;3581;5.71;-1.23;0.0226;5.71
PWM	2;MQ;301;6.32;4.64;0.0066;6.32
PWM	3;UA;827;6.95;3.93;0.0193;6.95
PWM	4;DL;749;11.97;3.92;0.012;11.97
PWM	5;F9;433;12.47;2.82;0.0531;12.47
PWM	6;WN;1535;13.79;6.45;0.0085;13.79
PWM	7;OH;777;15.98;10.16;0.0154;15.98
PWM	8;OO;440;16.52;8.52;0.0068;16.52
PWM	9;B6;365;16.65;11.57;0.0466;16.65
PWM	10;9E;894;20.58;13.92;0.0425;20.58
PWM	11;AA;1772;25.61;20.76;0.0214;25.61
RAP	1;UA;1023;6.2;2.78;0.0176;6.2
RAP	2;G4;448;9.89;5.67;0.0112;9.89
RAP	3;MQ;1189;12.08;7.98;0.0076;12.08
RAP	4;OO;2149;13.19;5.67;0.0116;13.19
RAP	5;DL;95;13.7;14.2;0.0316;13.7
RAP	6;9E;197;16.04;10.37;0.0;16.04
RAP	7;AA;132;46.02;48.29;0.0152;46.02
RDD	1;OO;1487;8.74;4.55;0.0047;8.74
RDM	1;AS;462;5.01;9.37;0.026;5.01
RDM	2;MQ;405;9.74;1.13;0.0049;9.74
RDM	3;OO;3823;11.65;10.19;0.0204;11.65
RDM	4;UA;1094;25.56;19.1;0.0155;25.56
RDM	5;AA;132;90.9;86.08;0.0152;90.9
RDU	1;YX;5645;5.06;2.84;0.0145;5.06
RDU	2;MQ;1239;7.07;3.27;0.0105;7.07
RDU	3;WN;9005;10.41;3.35;0.0056;10.41
RDU	4;UA;5576;10.46;4.42;0.0131;10.46
RDU	5;DL;11302;10.79;2.31;0.0088;10.79
RDU	6;9E;6439;13.26;8.04;0.0297;13.26
RDU	7;AS;526;14.11;8.9;0.0114;14.11
RDU	8;OO;1032;14.78;13.86;0.0029;14.78
RDU	9;B6;3207;16.68;11.59;0.0159;16.68
RDU	10;F9;4707;17.1;14.74;0.031;17.1
RDU	11;AA;11340;19.2;14.53;0.0169;19.2
RDU	12;OH;860;19.48;16.54;0.014;19.48
RDU	13;NK;438;23.93;16.21;0.0137;23.93
RFD	1;G4;841;20.66;14.39;0.0166;20.66
RHI	1;OO;827;8.66;-2.16;0.0085;8.66
RIC	1;UA;915;1.91;-2.59;0.0109;1.91
RIC	2;YX;2376;5.28;3.59;0.0185;5.28
RIC	3;MQ;223;6.78;1.22;0.0045;6.78
RIC	4;DL;2661;8.04;1.37;0.0064;8.04
RIC	5;OH;471;8.97;6.1;0.0127;8.97
RIC	6;WN;1966;9.96;2.85;0.0005;9.96
RIC	7;9E;2034;12.11;7.08;0.032;12.11
RIC	8;B6;1781;13.73;5.51;0.0118;13.73
RIC	9;OO;686;17.12;11.05;0.0;17.12
RIC	10;AA;3746;19.78;14.23;0.0158;19.78
RIC	11;NK;1110;20.59;12.13;0.018;20.59
RIC	12;G4;310;29.22;20.31;0.0161;29.22
RIW	1;OO;622;12.33;8.72;0.0177;12.33
RKS	1;OO;623;16.99;10.94;0.0112;16.99
RNO	1;AS;600;4.46;5.35;0.01;4.46
RNO	2;OO;4276;8.36;6.52;0.0068;8.36
RNO	3;WN;8683;8.46;2.83;0.0054;8.46
RNO	4;NK;1154;8.67;5.05;0.0182;8.67
RNO	5;DL;1023;11.28;2.92;0.0098;11.28
RNO	6;UA;2208;11.7;6.85;0.0122;11.7
RNO	7;MQ;279;13.12;10.58;0.0036;13.12
RNO	8;AA;2413;19.12;13.54;0.0124;19.12
RNO	9;B6;274;38.05;34.29;0.0219;38.05
RNO	10;G4;3;67.33;73.0;0.0;67.33
ROA	1;DL;438;10.74;1.03;0.0091;10.74
ROA	2;9E;956;11.67;3.75;0.0188;11.67
ROA	3;OH;249;15.12;17.02;0.012;15.12
ROA	4;OO;748;18.92;17.38;0.0214;18.92
ROA	5;YX;313;20.26;20.02;0.0543;20.26
ROA	6;G4;240;23.77;20.84;0.0375;23.77
ROC	1;YX;996;2.47;-3.7;0.0191;2.47
ROC	2;MQ;832;5.61;1.36;0.0072;5.61
ROC	3;OO;518;8.53;2.9;0.0039;8.53
ROC	4;UA;998;9.51;5.62;0.014;9.51
ROC	5;9E;2686;9.85;1.37;0.0335;9.85
ROC	6;OH;719;11.49;9.52;0.0125;11.49
ROC	7;WN;1916;12.96;5.86;0.0052;12.96
ROC	8;NK;499;13.9;3.64;0.016;13.9
ROC	9;DL;1075;14.6;3.26;0.0093;14.6
ROC	10;B6;755;19.65;15.27;0.0305;19.65
ROC	11;AA;870;21.27;18.2;0.0161;21.27
ROC	12;G4;72;39.75;28.72;0.0139;39.75
ROW	1;MQ;163;13.94;7.32;0.0061;13.94
ROW	2;OO;800;24.59;21.51;0.0312;24.59
RST	1;YX;14;-6.86;-7.36;0.0;-6.86
RST	2;MQ;330;7.93;4.82;0.0;7.93
RST	3;OO;828;12.79;6.46;0.0097;12.79
RST	4;9E;244;12.97;8.85;0.0205;12.97
RSW	1;UA;5601;7.32;1.91;0.0312;7.32
RSW	2;9E;19;7.58;5.32;0.0;7.58
RSW	3;AS;170;7.68;3.13;0.0412;7.68
RSW	4;DL;7251;10.44;5.99;0.0154;10.44
RSW	5;WN;7420;11.65;7.56;0.0191;11.65
RSW	6;NK;2445;12.54;8.93;0.0233;12.54
RSW	7;YX;92;15.73;11.01;0.0;15.73
RSW	8;F9;2484;18.01;12.86;0.033;18.01
RSW	9;AA;5431;19.52;16.37;0.0232;19.52
RSW	10;MQ;89;20.16;22.09;0.0112;20.16
RSW	11;OH;33;20.71;15.58;0.0606;20.71
RSW	12;B6;3836;20.75;16.89;0.0258;20.75
SAF	1;OO;2806;13.33;8.39;0.015;13.33
SAF	2;MQ;102;23.13;21.83;0.0196;23.13
SAN	1;AS;10303;8.34;7.4;0.0269;8.34
SAN	2;UA;10251;9.03;3.99;0.0202;9.03
SAN	3;OO;12343;10.3;11.59;0.0092;10.3
SAN	4;DL;9475;10.54;4.4;0.0069;10.54
SAN	5;NK;2887;12.73;9.56;0.0197;12.73
SAN	6;WN;34140;13.77;8.88;0.0087;13.77
SAN	7;HA;715;15.95;15.32;0.007;15.95
SAN	8;G4;174;17.66;20.35;0.0115;17.66
SAN	9;B6;1766;19.06;14.08;0.0028;19.06
SAN	10;AA;9211;19.09;13.68;0.0118;19.09
SAN	11;F9;3380;21.53;22.51;0.0213;21.53
SAT	1;UA;5617;7.72;2.02;0.0173;7.72
SAT	2;WN;16462;9.01;3.31;0.0063;9.01
SAT	3;AS;633;9.11;5.69;0.0063;9.11
SAT	4;OO;1023;10.05;7.39;0.0078;10.05
SAT	5;DL;6171;10.91;3.95;0.0079;10.91
SAT	6;YX;11;11.45;-1.45;0.0;11.45
SAT	7;MQ;260;12.72;8.25;0.0115;12.72
SAT	8;NK;2114;16.77;8.36;0.0222;16.77
SAT	9;AA;8015;16.9;14.84;0.018;16.9
SAT	10;F9;703;19.73;11.06;0.0256;19.73
SAT	11;B6;582;33.06;25.48;0.0206;33.06
SAT	12;G4;22;74.5;74.91;0.0;74.5
SAV	1;OO;389;4.5;1.25;0.0206;4.5
SAV	2;F9;162;5.66;7.23;0.0247;5.66
SAV	3;YX;1160;6.64;0.47;0.0078;6.64
SAV	4;DL;3308;8.63;2.19;0.0079;8.63
SAV	5;MQ;972;9.16;5.19;0.0082;9.16
SAV	6;UA;1308;10.23;4.27;0.0153;10.23
SAV	7;WN;2831;10.56;5.51;0.0064;10.56
SAV	8;OH;3484;10.75;5.45;0.0126;10.75
SAV	9;9E;1865;14.05;5.87;0.0375;14.05
SAV	10;G4;824;14.9;12.7;0.0121;14.9
SAV	11;B6;913;16.07;12.0;0.011;16.07
SAV	12;AA;1904;27.47;21.2;0.0252;27.47
SBA	1;AS;330;-0.37;-2.29;0.0091;-0.37
SBA	2;MQ;293;3.81;-0.81;0.0102;3.81
SBA	3;WN;1933;7.58;1.05;0.014;7.58
SBA	4;OO;1777;11.02;8.08;0.0146;11.02
SBA	5;DL;622;14.3;7.02;0.0048;14.3
SBA	6;UA;1504;14.81;10.05;0.0226;14.81
SBA	7;AA;1034;20.42;16.55;0.0135;20.42
SBN	1;9E;11;-4.0;-16.45;0.0;-4.0
SBN	2;AA;2;-4.0;-15.0;0.0;-4.0
SBN	3;UA;25;7.44;0.0;0.0;7.44
SBN	4;G4;819;10.68;4.53;0.0171;10.68
SBN	5;OH;1166;14.15;10.56;0.0086;14.15
SBN	6;OO;4597;15.97;9.38;0.0165;15.97
SBN	7;YX;65;16.3;12.81;0.0154;16.3
SBP	1;MQ;165;0.48;-2.88;0.0;0.48
SBP	2;AS;62;7.23;7.19;0.0;7.23
SBP	3;OO;3867;7.96;6.12;0.0119;7.96
SBP	4;UA;349;8.72;2.22;0.0086;8.72
SBP	5;AA;801;29.14;24.06;0.0037;29.14
SCC	1;AS;570;-7.03;-8.26;0.0316;-7.03
SCE	1;YX;8;-3.62;-1.62;0.0;-3.62
SCE	2;OH;13;-2.55;-0.27;0.1538;-2.55
SCE	3;OO;554;12.21;7.43;0.0144;12.21
SCK	1;G4;515;24.59;24.65;0.0039;24.59
SDF	1;YX;6273;1.2;-2.66;0.0094;1.2
SDF	2;DL;2440;4.72;-2.36;0.009;4.72
SDF	3;WN;5086;7.34;1.12;0.0077;7.34
SDF	4;MQ;1593;10.54;7.2;0.0113;10.54
SDF	5;UA;846;10.83;4.95;0.0095;10.83
SDF	6;OO;1893;12.23;7.11;0.0063;12.23
SDF	7;9E;173;12.39;9.88;0.0231;12.39
SDF	8;NK;864;18.36;11.59;0.015;18.36
SDF	9;G4;709;20.1;15.8;0.0183;20.1
SDF	10;OH;1667;20.24;17.35;0.0114;20.24
SDF	11;AA;2578;24.75;22.56;0.0202;24.75
SEA	1;OO;26516;6.72;4.04;0.004;6.72
SEA	2;DL;31865;8.0;0.94;0.0056;8.0
SEA	3;AS;78143;9.25;6.09;0.0154;9.25
SEA	4;UA;9073;10.43;4.41;0.0176;10.43
SEA	5;WN;8104;14.56;7.2;0.0021;14.56
SEA	6;MQ;511;16.34;6.25;0.0;16.34
SEA	7;NK;949;16.72;9.16;0.0105;16.72
SEA	8;AA;5595;19.25;10.58;0.0154;19.25
SEA	9;F9;1460;19.86;14.71;0.0199;19.86
SEA	10;HA;760;20.06;16.82;0.025;20.06
SEA	11;B6;749;21.43;13.88;0.0067;21.43
SFB	1;G4;9499;12.43;9.55;0.0164;12.43
SFO	1;HA;756;5.67;4.05;0.0238;5.67
SFO	2;AS;11488;10.59;6.78;0.0259;10.59
SFO	3;UA;51073;11.83;2.65;0.0139;11.83
SFO	4;OO;31724;13.0;8.14;0.0135;13.0
SFO	5;DL;12879;14.54;4.5;0.0068;14.54
SFO	6;B6;4242;14.54;6.12;0.0042;14.54
SFO	7;MQ;50;17.54;8.24;0.0;17.54
SFO	8;WN;7447;21.49;14.93;0.0046;21.49
SFO	9;AA;10740;23.48;15.8;0.0096;23.48
SFO	10;F9;4579;32.69;29.94;0.0207;32.69
SGF	1;9E;636;6.67;0.72;0.0047;6.67
SGF	2;DL;402;13.22;4.36;0.005;13.22
SGF	3;G4;852;14.31;10.0;0.0129;14.31
SGF	4;MQ;3946;14.39;11.09;0.015;14.39
SGF	5;OO;2467;19.74;14.19;0.0101;19.74
SGF	6;OH;977;28.28;26.47;0.0082;28.28
SGU	1;OO;3023;5.69;0.04;0.003;5.69
SHR	1;OO;730;3.05;1.81;0.0192;3.05
SHV	1;9E;1171;4.98;-1.61;0.0162;4.98
SHV	2;MQ;839;11.97;6.78;0.0179;11.97
SHV	3;OO;615;13.9;8.5;0.0098;13.9
SHV	4;G4;151;15.52;10.88;0.0199;15.52
SHV	5;OH;1715;19.22;16.72;0.0268;19.22
SIT	1;AS;1328;-1.23;-1.48;0.0151;-1.23
SIT	2;OO;93;47.57;42.63;0.043;47.57
SJC	1;HA;685;-0.37;-6.23;0.0088;-0.37
SJC	2;AS;2851;2.32;-1.49;0.0228;2.32
SJC	3;OO;8601;2.45;-0.01;0.002;2.45
SJC	4;MQ;363;2.57;-3.16;0.0055;2.57
SJC	5;UA;2151;3.96;-4.56;0.0126;3.96
SJC	6;DL;2231;4.75;-4.64;0.0072;4.75
SJC	7;WN;28619;7.49;1.37;0.0052;7.49
SJC	8;F9;641;7.51;8.28;0.0047;7.51
SJC	9;NK;2631;11.09;8.48;0.0133;11.09
SJC	10;AA;1459;16.96;9.23;0.0103;16.96
SJC	11;B6;160;39.68;27.49;0.0187;39.68
SJT	1;MQ;725;11.43;9.48;0.0193;11.43
SJT	2;OO;364;12.32;11.25;0.022;12.32
SJU	1;DL;3582;8.09;4.4;0.0036;8.09
SJU	2;WN;3998;10.08;7.96;0.007;10.08
SJU	3;UA;3129;12.88;9.09;0.015;12.88
SJU	4;NK;4746;15.54;10.02;0.0204;15.54
SJU	5;MQ;16;18.5;17.88;0.0;18.5
SJU	6;F9;5878;21.69;20.41;0.0216;21.69
SJU	7;B6;10084;23.7;15.07;0.0109;23.7
SJU	8;AA;3998;24.02;22.98;0.0043;24.02
SLC	1;OO;31591;4.29;-0.26;0.0028;4.29
SLC	2;MQ;143;5.97;-9.94;0.0;5.97
SLC	3;AS;1235;6.23;3.36;0.0186;6.23
SLC	4;HA;230;6.57;-0.21;0.0;6.57
SLC	5;DL;54163;9.75;4.06;0.0062;9.75
SLC	6;WN;11977;11.68;4.84;0.0035;11.68
SLC	7;UA;4090;11.86;5.88;0.0161;11.86
SLC	8;NK;1269;13.52;7.15;0.011;13.52
SLC	9;F9;3171;17.7;15.33;0.0211;17.7
SLC	10;AA;3854;19.72;13.05;0.0148;19.72
SLC	11;B6;1524;22.39;15.67;0.0072;22.39
SLN	1;OO;712;13.49;10.44;0.0225;13.49
SMF	1;MQ;235;2.47;-2.86;0.0;2.47
SMF	2;OO;8639;5.0;1.52;0.0037;5.0
SMF	3;AS;1136;5.86;3.77;0.0158;5.86
SMF	4;DL;3231;6.19;-1.64;0.0074;6.19
SMF	5;UA;3990;6.75;0.11;0.015;6.75
SMF	6;HA;954;7.6;4.95;0.0084;7.6
SMF	7;F9;826;7.82;8.01;0.0145;7.82
SMF	8;WN;30349;9.27;3.18;0.0051;9.27
SMF	9;NK;1786;12.25;9.27;0.0157;12.25
SMF	10;AA;3523;18.86;12.1;0.0159;18.86
SMF	11;B6;383;49.02;41.82;0.0131;49.02
SMX	1;G4;106;40.51;39.3;0.0;40.51
SNA	1;AS;4115;2.07;0.29;0.0122;2.07
SNA	2;NK;1225;6.57;4.24;0.018;6.57
SNA	3;UA;6065;7.48;0.27;0.0069;7.48
SNA	4;WN;14471;8.33;0.42;0.0067;8.33
SNA	5;DL;4824;11.14;2.83;0.0052;11.14
SNA	6;F9;1113;13.21;10.37;0.0234;13.21
SNA	7;OO;4042;13.52;14.41;0.0116;13.52
SNA	8;AA;6582;18.27;10.06;0.012;18.27
SNA	9;G4;1082;29.33;25.52;0.0148;29.33
SPI	1;G4;107;24.0;20.98;0.0187;24.0
SPN	1;UA;366;-1.21;-4.5;0.0055;-1.21
SPS	1;MQ;111;8.0;-0.24;0.009;8.0
SPS	2;OO;614;12.21;8.15;0.0195;12.21
SRQ	1;G4;2619;5.86;2.31;0.037;5.86
SRQ	2;WN;4241;10.61;5.27;0.038;10.61
SRQ	3;DL;3016;10.88;6.84;0.0312;10.88
SRQ	4;UA;1710;11.2;6.23;0.031;11.2
SRQ	5;YX;220;11.9;12.74;0.0364;11.9
SRQ	6;OH;386;15.38;10.32;0.044;15.38
SRQ	7;B6;769;16.94;13.67;0.039;16.94
SRQ	8;MQ;17;21.06;6.31;0.0588;21.06
SRQ	9;AA;2631;21.64;19.26;0.0323;21.64
SRQ	10;F9;542;25.15;24.66;0.0443;25.15
SRQ	11;OO;50;64.2;63.41;0.02;64.2
STC	1;G4;149;11.41;-0.69;0.0134;11.41
STL	1;AS;779;4.21;-0.75;0.0116;4.21
STL	2;9E;1484;5.14;-2.71;0.035;5.14
STL	3;YX;2057;5.32;-1.06;0.0131;5.32
STL	4;DL;5528;5.91;-0.6;0.0072;5.91
STL	5;MQ;1767;11.12;7.27;0.0209;11.12
STL	6;WN;41199;11.44;5.03;0.0078;11.44
STL	7;UA;3035;14.42;11.27;0.0129;14.42
STL	8;OH;450;17.06;14.09;0.0178;17.06
STL	9;OO;569;17.58;11.76;0.0141;17.58
STL	10;AA;7122;17.6;15.25;0.0159;17.6
STL	11;F9;1180;23.57;16.79;0.0271;23.57
STL	12;NK;427;29.35;23.09;0.0398;29.35
STS	1;MQ;237;7.45;3.41;0.0;7.45
STS	2;OO;2953;8.02;9.51;0.0047;8.02
STS	3;AS;315;9.19;9.78;0.0095;9.19
STS	4;AA;183;56.36;54.6;0.0055;56.36
STT	1;UA;809;5.01;1.06;0.0074;5.01
STT	2;F9;70;10.01;23.0;0.0286;10.01
STT	3;NK;1058;12.81;6.53;0.0142;12.81
STT	4;DL;885;15.21;11.12;0.0068;15.21
STT	5;B6;683;15.9;12.39;0.019;15.9
STT	6;AA;2033;29.52;26.22;0.0089;29.52
STX	1;F9;19;-0.79;8.11;0.0;-0.79
STX	2;DL;120;7.78;3.03;0.0083;7.78
STX	3;B6;20;10.75;13.55;0.0;10.75
STX	4;NK;282;14.46;14.16;0.0284;14.46
STX	5;AA;755;33.77;33.8;0.0066;33.77
SUN	1;OO;2005;9.95;6.01;0.011;9.95
SUX	1;OO;730;19.06;15.51;0.0192;19.06
SWF	1;G4;425;20.97;12.82;0.0165;20.97
SWO	1;MQ;161;7.09;2.78;0.0062;7.09
SWO	2;OO;569;10.43;6.72;0.0246;10.43
SYR	1;YX;1577;2.56;-5.89;0.0171;2.56
SYR	2;UA;1011;4.3;-0.61;0.0079;4.3
SYR	3;9E;2008;4.47;-3.64;0.0249;4.47
SYR	4;MQ;880;5.27;-0.09;0.0068;5.27
SYR	5;DL;1227;7.26;-3.0;0.0081;7.26
SYR	6;B6;1347;11.87;7.36;0.0223;11.87
SYR	7;OO;1117;11.95;6.96;0.0116;11.95
SYR	8;WN;856;12.29;4.22;0.0058;12.29
SYR	9;OH;478;17.05;15.59;0.0105;17.05
SYR	10;AA;1673;17.41;12.46;0.0114;17.41
SYR	11;F9;503;17.59;9.86;0.0358;17.59
SYR	12;G4;699;20.85;11.37;0.0157;20.85
TLH	1;DL;1408;1.66;-4.78;0.0099;1.66
TLH	2;B6;298;7.08;1.24;0.0201;7.08
TLH	3;9E;627;10.22;8.48;0.0239;10.22
TLH	4;MQ;2811;10.32;8.67;0.0164;10.32
TLH	5;OH;910;18.36;15.4;0.0231;18.36
TLH	6;YX;42;18.5;19.57;0.0476;18.5
TLH	7;OO;1;36.0;47.0;0.0;36.0
TOL	1;G4;375;16.99;11.33;0.0107;16.99
TPA	1;YX;24;5.04;4.21;0.0;5.04
TPA	2;NK;5865;8.52;5.07;0.03;8.52
TPA	3;UA;8672;12.1;7.14;0.0302;12.1
TPA	4;WN;24081;12.61;7.72;0.0215;12.61
TPA	5;DL;12887;13.77;8.28;0.0203;13.77
TPA	6;F9;6645;15.31;11.3;0.0281;15.31
TPA	7;MQ;1247;16.7;14.8;0.0289;16.7
TPA	8;B6;5235;19.22;13.65;0.0267;19.22
TPA	9;AA;12754;19.24;15.86;0.0279;19.24
TPA	10;AS;1099;20.0;16.39;0.0446;20.0
TPA	11;9E;8;77.62;87.62;0.0;77.62
TRI	1;9E;1131;3.54;-4.31;0.0071;3.54
TRI	2;MQ;440;4.5;-3.89;0.0068;4.5
TRI	3;DL;152;14.56;3.93;0.0;14.56
TRI	4;OO;145;17.23;9.61;0.0069;17.23
TRI	5;OH;214;17.27;7.43;0.0187;17.27
TRI	6;G4;166;32.37;31.52;0.0361;32.37
TTN	1;F9;1798;15.06;7.06;0.0328;15.06
TUL	1;UA;495;1.93;4.91;0.0101;1.93
TUL	2;YX;693;3.94;1.26;0.0188;3.94
TUL	3;DL;1416;5.09;-3.22;0.0085;5.09
TUL	4;9E;261;5.33;-1.42;0.0;5.33
TUL	5;OO;3500;5.53;1.09;0.0069;5.53
TUL	6;MQ;1688;5.81;2.46;0.013;5.81
TUL	7;WN;5494;6.32;0.2;0.0051;6.32
TUL	8;G4;408;16.76;10.47;0.0049;16.76
TUL	9;OH;763;17.8;15.18;0.0131;17.8
TUL	10;AA;2437;22.02;19.16;0.0226;22.02
TUS	1;MQ;774;1.85;-0.58;0.0078;1.85
TUS	2;DL;1141;6.45;-2.43;0.007;6.45
TUS	3;OO;7943;7.12;5.07;0.0035;7.12
TUS	4;AS;526;7.52;8.11;0.0038;7.52
TUS	5;WN;4362;8.88;2.72;0.0053;8.88
TUS	6;UA;1093;11.36;3.82;0.0091;11.36
TUS	7;AA;3289;14.53;11.53;0.017;14.53
TVC	1;YX;396;7.46;8.26;0.0101;7.46
TVC	2;DL;445;9.09;0.77;0.018;9.09
TVC	3;9E;241;9.28;6.0;0.0083;9.28
TVC	4;MQ;652;11.04;6.41;0.0031;11.04
TVC	5;OH;152;11.12;6.95;0.0;11.12
TVC	6;UA;586;12.32;10.6;0.0137;12.32
TVC	7;OO;1180;20.05;17.89;0.0153;20.05
TVC	8;G4;347;24.73;14.54;0.0202;24.73
TVC	9;AA;91;63.4;62.25;0.0;63.4
TWF	1;OO;700;-1.17;-6.34;0.0029;-1.17
TXK	1;OO;298;15.44;13.44;0.0537;15.44
TXK	2;MQ;439;18.36;16.67;0.0114;18.36
TYR	1;MQ;191;14.55;9.84;0.0157;14.55
TYR	2;OO;899;16.72;12.07;0.03;16.72
TYS	1;UA;345;2.1;-4.66;0.0087;2.1
TYS	2;DL;1417;2.59;-6.78;0.0092;2.59
TYS	3;9E;2915;3.12;-4.81;0.0172;3.12
TYS	4;YX;737;6.47;3.69;0.0176;6.47
TYS	5;OO;1580;9.01;2.86;0.0146;9.01
TYS	6;MQ;1036;9.41;7.33;0.0087;9.41
TYS	7;OH;3675;10.33;7.84;0.0144;10.33
TYS	8;G4;2783;13.46;9.21;0.0194;13.46
TYS	9;F9;275;20.21;17.6;0.0145;20.21
TYS	10;AA;1518;25.26;17.46;0.0231;25.26
USA	1;G4;703;25.53;22.13;0.0228;25.53
VCT	1;OO;635;17.13;11.13;0.0252;17.13
VEL	1;OO;52;21.42;16.77;0.0;21.42
VLD	1;OO;60;6.38;4.95;0.0;6.38
VLD	2;9E;721;8.7;3.88;0.0236;8.7
VPS	1;YX;78;-5.24;-9.87;0.0;-5.24
VPS	2;WN;1928;8.1;2.23;0.0041;8.1
VPS	3;DL;2558;9.19;2.11;0.0082;9.19
VPS	4;G4;2331;11.11;6.06;0.015;11.11
VPS	5;OH;718;13.51;13.85;0.0195;13.51
VPS	6;MQ;382;16.37;12.83;0.0288;16.37
VPS	7;9E;21;20.3;23.5;0.0476;20.3
VPS	8;AA;1881;29.93;28.07;0.0144;29.93
WRG	1;AS;726;-1.22;-3.57;0.0152;-1.22
WYS	1;OO;313;12.24;8.2;0.0128;12.24
XNA	1;DL;576;4.25;-4.67;0.0052;4.25
XNA	2;YX;810;4.85;-0.08;0.0173;4.85
XNA	3;9E;1956;6.09;0.3;0.0061;6.09
XNA	4;F9;200;7.41;6.87;0.005;7.41
XNA	5;OO;2383;7.68;3.48;0.0076;7.68
XNA	6;UA;239;9.79;5.06;0.0042;9.79
XNA	7;MQ;5346;10.73;7.96;0.0079;10.73
XNA	8;OH;225;19.38;14.85;0.0267;19.38
XNA	9;G4;854;21.23;16.41;0.0105;21.23
XNA	10;AA;1285;25.6;25.11;0.0109;25.6
XWA	1;OO;1972;18.41;12.38;0.0157;18.41
YAK	1;AS;726;-3.23;-4.48;0.022;-3.23
YUM	1;MQ;583;4.22;1.12;0.0051;4.22
YUM	2;OO;1139;11.21;8.47;0.0026;11.21
