GPT	1;OO;102;7.89;1.66;0.0098;-3.34
GPT	2;OH;560;8.36;6.39;0.0036;-2.87
GPT	3;DL;552;9.28;3.65;0.0091;-1.95
GPT	4;MQ;377;18.93;14.47;0.0318;7.7
GPT	5;G4;14;41.64;39.14;0.0;30.41
GRB	1;9E;72;1.47;-10.35;0.0;-14.41
GRB	2;YX;136;3.34;-1.76;0.0074;-12.54
GRB	3;MQ;260;11.89;8.22;0.0269;-3.99
GRB	4;OO;1474;17.52;12.65;0.0224;1.64
GRB	5;DL;184;18.8;10.9;0.0;2.92
GRB	6;F9;94;24.97;17.53;0.0319;9.09
GRI	1;OO;368;17.65;12.77;0.0245;-0.31
GRI	2;G4;108;18.98;12.91;0.0185;1.02
GRK	1;MQ;554;15.5;12.95;0.0235;-1.58
GRK	2;OO;272;20.41;19.53;0.0515;3.33
GRR	1;YX;942;1.29;-7.3;0.0234;-10.16
GRR	2;9E;547;3.39;-3.63;0.0347;-8.06
GRR	3;DL;1525;5.14;-4.01;0.0033;-6.31
GRR	4;UA;672;7.44;1.33;0.0164;-4.01
GRR	5;MQ;361;10.15;6.85;0.0305;-1.3
GRR	6;WN;1018;10.81;6.93;0.0098;-0.64
GRR	7;G4;1141;11.27;3.68;0.0079;-0.18
GRR	8;OH;383;14.3;15.18;0.0157;2.85
GRR	9;OO;999;17.31;13.45;0.035;5.86
GRR	10;AA;1285;19.45;14.95;0.0163;8.0
GRR	11;F9;459;34.64;27.78;0.0305;23.19
GSO	1;DL;1168;2.24;-6.18;0.0;-5.29
GSO	2;9E;743;2.39;-5.49;0.0242;-5.14
GSO	3;YX;780;4.18;-1.47;0.0321;-3.35
GSO	4;OH;1171;4.56;0.36;0.0102;-2.97
GSO	5;OO;506;7.25;6.12;0.0099;-0.28
GSO	6;MQ;662;10.55;7.84;0.0091;3.02
GSO	7;AA;739;24.42;21.09;0.0311;16.89
GSO	8;G4;77;33.18;31.38;0.013;25.65
GSP	1;YX;1010;2.97;-4.53;0.0248;-5.95
GSP	2;DL;1289;3.71;-5.12;0.0023;-5.21
GSP	3;UA;232;3.76;0.97;0.0086;-5.16
GSP	4;OO;578;6.27;2.09;0.0156;-2.65
GSP	5;WN;724;6.7;-0.83;0.0028;-2.22
GSP	6;OH;1911;6.85;4.65;0.012;-2.07
GSP	7;9E;575;8.75;1.14;0.0261;-0.17
GSP	8;MQ;759;12.15;11.56;0.0132;3.23
GSP	9;G4;164;21.65;18.38;0.0183;12.73
GSP	10;AA;671;33.8;27.53;0.0209;24.88
GST	1;AS;32;-12.44;-14.31;0.0;0.0
GTF	1;OO;1130;7.06;2.67;0.0071;-3.72
GTF	2;UA;72;15.25;4.23;0.0139;4.47
GTF	3;G4;91;53.62;50.63;0.011;42.84
GTR	1;9E;368;3.57;-3.85;0.0163;0.0
GUC	1;OO;337;9.49;4.98;0.0119;-3.19
GUC	2;AA;101;23.2;23.56;0.0;10.52
GUM	1;UA;368;1.71;-11.73;0.0027;0.0
HDN	1;MQ;13;2.69;4.08;0.0;-14.24
HDN	2;WN;416;8.54;3.72;0.0144;-8.39
HDN	3;UA;491;10.69;5.18;0.0143;-6.24
HDN	4;OO;381;10.9;4.85;0.0105;-6.03
HDN	5;DL;112;12.78;6.03;0.0;-4.15
HDN	6;AA;162;43.14;45.41;0.0;26.21
HDN	7;B6;60;104.0;103.37;0.0167;87.07
HGR	1;G4;129;23.72;20.38;0.0155;0.0
HHH	1;MQ;539;11.96;7.4;0.0186;-1.61
HHH	2;YX;346;16.09;12.55;0.0202;2.52
HIB	1;OO;314;10.83;3.59;0.0064;0.0
HLN	1;OO;815;12.93;10.02;0.0098;0.0
HNL	1;WN;7470;3.43;-3.31;0.0044;-3.8
HNL	2;AA;1195;6.07;-8.23;0.0008;-1.16
HNL	3;HA;15904;7.23;5.99;0.0128;0.0
HNL	4;UA;2572;8.82;-3.09;0.0113;1.59
HNL	5;DL;1840;11.76;-1.08;0.0011;4.53
HNL	6;AS;2133;15.79;7.75;0.0483;8.56
HOB	1;OO;80;37.65;34.55;0.025;0.0
HOU	1;OO;39;12.19;23.62;0.0513;-2.81
HOU	2;WN;26736;14.79;7.54;0.0099;-0.21
HOU	3;OH;56;15.13;8.22;0.0179;0.13
HOU	4;DL;758;16.12;10.32;0.0013;1.12
HOU	5;MQ;1004;16.26;13.04;0.0508;1.26
HOU	6;F9;207;21.24;14.74;0.0386;6.24
HOU	7;G4;196;28.5;26.35;0.0153;13.5
HPN	1;YX;59;7.47;1.05;0.0;-6.01
HPN	2;MQ;650;9.19;2.32;0.0246;-4.29
HPN	3;B6;2574;9.87;3.83;0.0124;-3.61
HPN	4;9E;499;12.23;1.68;0.008;-1.25
HPN	5;OH;1367;12.75;8.73;0.0205;-0.73
HPN	6;DL;617;16.86;5.96;0.0049;3.38
HPN	7;OO;533;36.05;26.79;0.0225;22.57
HRL	1;DL;127;3.32;-5.5;0.0079;-6.55
HRL	2;OO;129;4.98;-1.98;0.0155;-4.89
HRL	3;WN;1068;10.29;7.08;0.0056;0.42
HRL	4;MQ;767;11.21;9.38;0.0261;1.34
HSV	1;YX;117;1.15;-4.73;0.0342;-10.6
HSV	2;DL;894;1.61;-7.92;0.0034;-10.14
HSV	3;9E;446;9.2;4.93;0.0157;-2.55
HSV	4;OO;587;12.69;9.7;0.0221;0.94
HSV	5;OH;1383;15.13;14.91;0.0239;3.38
HSV	6;MQ;1084;17.64;13.59;0.024;5.89
HTS	1;G4;199;47.27;45.74;0.0352;0.0
HYA	1;YX;37;21.68;30.14;0.0;-5.6
HYA	2;B6;41;32.59;34.28;0.0488;5.31
HYS	1;OO;357;14.18;8.59;0.028;0.0
IAD	1;F9;1;-31.0;6.0;0.0;-40.34
IAD	2;YX;3970;3.34;-3.56;0.0103;-6.0
IAD	3;MQ;26;3.96;8.24;0.0385;-5.38
IAD	4;9E;237;5.58;-1.88;0.0042;-3.76
IAD	5;UA;15860;9.56;3.87;0.0183;0.22
IAD	6;DL;1602;9.84;-0.94;0.0025;0.5
IAD	7;AS;1005;10.23;7.3;0.0239;0.89
IAD	8;WN;512;12.16;4.29;0.0039;2.82
IAD	9;OH;817;13.34;5.26;0.0073;4.0
IAD	10;OO;1170;15.5;9.74;0.0197;6.16
IAD	11;AA;361;15.77;9.64;0.0222;6.43
IAD	12;G4;205;35.95;27.6;0.0049;26.61
IAG	1;G4;233;22.94;16.02;0.0129;0.0
IAH	1;AS;447;11.95;8.8;0.0358;-8.24
IAH	2;WN;2455;12.75;6.96;0.0126;-7.44
IAH	3;DL;4019;14.87;8.45;0.003;-5.32
IAH	4;NK;4413;18.83;13.6;0.0125;-1.36
IAH	5;MQ;889;18.87;12.58;0.0326;-1.32
IAH	6;OO;6241;19.83;15.22;0.0328;-0.36
IAH	7;UA;33525;19.99;15.32;0.0207;-0.2
IAH	8;YX;34;28.47;21.21;0.0;8.28
IAH	9;AA;3340;30.11;25.89;0.0243;9.92
IAH	10;B6;368;30.65;24.52;0.0245;10.46
IAH	11;F9;1326;37.48;35.9;0.0264;17.29
ICT	1;9E;118;3.58;1.48;0.0;-8.94
ICT	2;WN;882;4.5;-0.36;0.0045;-8.02
ICT	3;UA;272;6.29;9.39;0.0147;-6.23
ICT	4;DL;402;10.49;3.92;0.0025;-2.03
ICT	5;MQ;1334;12.01;8.04;0.0232;-0.51
ICT	6;G4;185;14.17;5.29;0.0;1.65
ICT	7;OO;1430;16.35;12.19;0.0119;3.83
ICT	8;AA;292;32.05;29.55;0.0308;19.53
IDA	1;OO;1356;11.05;3.81;0.0074;-0.55
IDA	2;G4;223;14.97;12.22;0.0;3.37
ILM	1;OO;25;0.2;-6.72;0.0;-9.59
ILM	2;YX;522;7.05;5.85;0.0249;-2.74
ILM	3;9E;523;8.18;0.92;0.0153;-1.61
ILM	4;MQ;382;8.33;5.34;0.0105;-1.46
ILM	5;OH;985;9.03;8.27;0.0112;-0.76
ILM	6;DL;348;11.93;5.19;0.0029;2.14
ILM	7;AA;739;13.92;7.28;0.0108;4.13
IMT	1;OO;367;13.51;9.73;0.0054;0.0
IND	1;YX;6055;1.88;-3.2;0.0122;-8.24
IND	2;9E;1294;5.64;-2.47;0.0193;-4.48
IND	3;DL;2082;7.07;-0.41;0.0019;-3.05
IND	4;UA;1144;9.16;4.4;0.0219;-0.96
IND	5;OH;166;9.31;4.42;0.0181;-0.81
IND	6;MQ;489;9.92;4.75;0.0348;-0.2
IND	7;AS;236;11.06;10.51;0.0381;0.94
IND	8;WN;5959;12.62;6.32;0.0065;2.5
IND	9;G4;775;13.66;10.11;0.0026;3.54
IND	10;NK;1330;17.71;10.39;0.0226;7.59
IND	11;AA;3181;18.37;14.01;0.0123;8.25
IND	12;OO;596;19.17;12.58;0.0268;9.05
IND	13;F9;404;19.93;13.59;0.0248;9.81
INL	1;OO;319;5.97;-2.49;0.0157;0.0
ISP	1;WN;1524;11.41;2.03;0.0085;-2.93
ISP	2;F9;1148;18.31;6.84;0.0314;3.97
ITH	1;YX;60;5.64;-9.97;0.0167;-1.07
ITH	2;9E;368;6.89;-9.05;0.0353;0.18
ITO	1;WN;920;-2.44;-3.64;0.0;-5.7
ITO	2;HA;2533;5.34;6.47;0.0071;2.08
JAC	1;AS;76;2.31;3.41;0.0658;-19.87
JAC	2;OO;472;11.32;6.34;0.0212;-10.86
JAC	3;DL;676;12.73;4.58;0.003;-9.45
JAC	4;UA;1100;20.76;15.28;0.0218;-1.42
JAC	5;AA;478;52.56;45.5;0.0126;30.38
JAN	1;DL;1061;4.57;-1.81;0.0009;-7.64
JAN	2;WN;1038;10.85;5.21;0.0077;-1.36
JAN	3;OO;140;11.62;6.73;0.0143;-0.59
JAN	4;9E;14;16.86;10.21;0.0;4.65
JAN	5;OH;611;18.58;15.23;0.0262;6.37
JAN	6;MQ;604;21.94;19.64;0.0265;9.73
JAX	1;OO;156;6.73;3.84;0.0256;-5.99
JAX	2;9E;513;6.74;-1.27;0.0195;-5.98
JAX	3;DL;2854;7.92;2.12;0.0021;-4.8
JAX	4;WN;2351;8.68;3.99;0.0064;-4.04
JAX	5;YX;678;9.96;3.57;0.0133;-2.76
JAX	6;UA;1878;10.5;5.4;0.0096;-2.22
JAX	7;MQ;542;11.81;10.29;0.0111;-0.91
JAX	8;G4;375;14.33;11.35;0.0027;1.61
JAX	9;OH;554;16.67;13.7;0.0108;3.95
JAX	10;F9;558;16.84;13.41;0.0287;4.12
JAX	11;B6;836;17.75;12.24;0.0227;5.03
JAX	12;AA;3898;19.08;17.14;0.0164;6.36
JFK	1;YX;7992;2.95;-4.91;0.0229;-10.41
JFK	2;HA;184;7.13;4.1;0.0054;-6.23
JFK	3;9E;8907;8.49;0.15;0.0284;-4.87
JFK	4;AS;1818;9.61;1.9;0.055;-3.75
JFK	5;AA;7408;10.5;-1.25;0.0097;-2.86
JFK	6;DL;15071;12.57;0.7;0.0031;-0.79
JFK	7;B6;17981;21.59;13.44;0.0179;8.23
JFK	8;OO;1341;25.66;15.81;0.0388;12.3
JFK	9;F9;53;73.7;76.46;0.0566;60.34
JLN	1;OO;314;18.77;11.63;0.0255;0.0
JMS	1;OO;277;15.73;11.09;0.0866;0.0
JNU	1;AS;2231;1.01;-0.2;0.0193;-0.46
JNU	2;DL;25;41.84;30.64;0.0;40.37
JST	1;OO;368;14.96;5.86;0.0408;0.0
KOA	1;WN;1707;-0.37;-5.75;0.0059;-6.41
KOA	2;DL;368;1.4;-9.29;0.0163;-4.64
KOA	3;HA;3900;5.1;5.31;0.011;-0.94
KOA	4;UA;832;9.93;-0.84;0.0132;3.89
KOA	5;AS;989;11.98;3.44;0.0607;5.94
KOA	6;AA;375;25.87;13.19;0.0;19.83
KTN	1;AS;1198;-1.35;-4.99;0.0259;-0.46
KTN	2;OO;26;21.5;28.54;0.0769;22.39
LAN	1;9E;60;5.44;-1.54;0.0167;-15.2
LAN	2;OH;152;19.2;20.54;0.0197;-1.44
LAN	3;OO;450;23.14;19.05;0.0133;2.5
LAR	1;OO;314;8.36;8.42;0.051;0.0
LAS	1;G4;3740;7.07;2.53;0.0059;-6.88
LAS	2;NK;12660;7.85;1.9;0.0084;-6.1
LAS	3;DL;8045;8.75;0.73;0.0007;-5.2
LAS	4;UA;7171;11.27;5.15;0.0229;-2.68
LAS	5;AS;2714;11.31;8.61;0.0339;-2.64
LAS	6;OO;990;12.24;11.64;0.0091;-1.71
LAS	7;WN;43042;15.56;8.39;0.0072;1.61
LAS	8;F9;6330;17.59;14.78;0.0139;3.64
LAS	9;HA;703;20.71;21.41;0.0057;6.76
LAS	10;AA;6822;22.5;15.52;0.013;8.55
LAS	11;B6;1444;25.64;15.78;0.0083;11.69
LAS	12;MQ;12;44.5;43.0;0.0;30.55
LAW	1;OO;397;14.99;11.86;0.0504;-0.48
LAW	2;MQ;151;16.71;9.8;0.0265;1.24
LAX	1;OO;19285;5.77;4.55;0.0048;-5.94
LAX	2;AS;4560;6.58;3.37;0.032;-5.13
LAX	3;HA;1153;8.35;7.63;0.0173;-3.36
LAX	4;UA;12935;9.86;1.52;0.0244;-1.85
LAX	5;NK;5503;10.28;1.82;0.0071;-1.43
LAX	6;DL;17821;11.18;6.68;0.001;-0.53
LAX	7;G4;469;12.36;9.45;0.0043;0.65
LAX	8;B6;5123;12.72;5.43;0.0031;1.01
LAX	9;WN;12959;13.81;9.01;0.0064;2.1
LAX	10;AA;15134;20.69;13.89;0.0067;8.98
LAX	11;F9;419;45.92;48.02;0.0406;34.21
LBB	1;WN;1315;8.15;-0.15;0.0122;-5.49
LBB	2;MQ;934;13.24;11.61;0.0385;-0.4
LBB	3;OO;534;16.0;16.03;0.03;2.36
LBB	4;AA;263;38.16;37.2;0.0304;24.52
LBE	1;NK;267;7.5;-1.19;0.0075;0.0
LBF	1;OO;315;10.1;9.7;0.0317;0.0
LBL	1;OO;253;14.99;11.89;0.0237;0.0
LCH	1;OO;504;23.6;21.09;0.0278;-1.84
LCH	2;MQ;44;47.95;50.48;0.0909;22.51
LCK	1;G4;494;15.06;10.13;0.0101;0.0
LEX	1;9E;149;1.13;-4.53;0.0;-11.63
LEX	2;YX;348;2.05;-0.15;0.0057;-10.71
LEX	3;DL;816;5.17;-6.96;0.0049;-7.59
LEX	4;OH;891;9.53;6.17;0.0045;-3.23
LEX	5;MQ;525;11.89;6.59;0.0248;-0.87
LEX	6;OO;929;13.44;7.93;0.0161;0.68
LEX	7;G4;405;18.74;14.64;0.0148;5.98
LEX	8;AA;402;43.39;38.22;0.0323;30.63
LFT	1;9E;451;7.48;2.11;0.0089;-9.22
LFT	2;MQ;167;11.81;10.45;0.012;-4.89
LFT	3;OO;288;13.77;7.66;0.0174;-2.93
LFT	4;OH;656;25.79;24.17;0.0442;9.09
LFT	5;NK;1;73.0;59.0;0.0;56.3
