LGA	1;YX;19506;3.22;-5.66;0.0254;-8.02
LGA	2;9E;16632;7.65;-3.79;0.0303;-3.59
LGA	3;UA;3979;9.68;0.2;0.0188;-1.56
LGA	4;DL;13205;13.91;3.06;0.0067;2.67
LGA	5;WN;5775;15.85;1.99;0.0194;4.61
LGA	6;NK;4012;16.19;5.49;0.0264;4.95
LGA	7;AA;8744;16.97;8.31;0.024;5.73
LGA	8;B6;5652;17.84;8.06;0.018;6.6
LGA	9;OO;2177;23.02;15.41;0.034;11.78
LGA	10;F9;1047;36.45;27.33;0.0353;25.21
LGB	1;HA;299;2.11;-3.97;0.0067;-5.71
LGB	2;OO;370;6.32;0.71;0.0;-1.5
LGB	3;WN;8121;8.06;1.15;0.0064;0.24
LGB	4;DL;168;9.98;3.96;0.006;2.16
LIH	1;DL;368;-0.04;-13.38;0.0082;-5.09
LIH	2;WN;1681;1.24;-4.43;0.0018;-3.81
LIH	3;UA;570;4.32;-4.46;0.0018;-0.73
LIH	4;HA;4387;4.78;4.29;0.0162;-0.27
LIH	5;AA;375;12.51;-2.11;0.0;7.46
LIH	6;AS;609;16.84;8.51;0.0148;11.79
LIT	1;F9;60;0.57;-0.31;0.0333;-13.67
LIT	2;DL;983;2.77;-3.18;0.0;-11.47
LIT	3;YX;287;5.24;3.03;0.0105;-9.0
LIT	4;WN;1352;8.99;2.84;0.0044;-5.25
LIT	5;9E;103;10.36;9.87;0.0291;-3.88
LIT	6;MQ;1821;17.35;15.53;0.0181;3.11
LIT	7;OO;895;19.7;17.01;0.0235;5.46
LIT	8;OH;276;32.35;27.36;0.0326;18.11
LIT	9;AA;334;32.58;29.49;0.009;18.34
LIT	10;G4;44;32.82;26.57;0.0;18.58
LNK	1;OO;591;21.74;17.08;0.0085;0.0
LRD	1;OO;36;13.83;18.94;0.0;-2.87
LRD	2;MQ;770;16.43;15.4;0.0286;-0.27
LRD	3;G4;61;21.81;19.03;0.0328;5.11
LSE	1;MQ;73;15.73;10.07;0.0274;0.0
LWS	1;OO;551;13.89;9.85;0.0091;0.0
MAF	1;UA;34;-1.42;-0.55;0.0294;-14.02
MAF	2;WN;1847;10.67;4.92;0.0119;-1.93
MAF	3;OO;1430;12.94;9.74;0.0182;0.34
MAF	4;MQ;1315;15.36;13.96;0.0357;2.76
MBS	1;9E;82;-2.91;-8.0;0.0;-18.34
MBS	2;OO;960;17.04;12.83;0.0292;1.61
MCI	1;AS;365;2.38;2.82;0.0219;-9.02
MCI	2;DL;3116;4.89;-1.46;0.0019;-6.51
MCI	3;YX;786;4.93;2.15;0.014;-6.47
MCI	4;UA;1837;6.72;4.03;0.0147;-4.68
MCI	5;MQ;586;9.74;5.2;0.0205;-1.66
MCI	6;9E;749;11.18;4.51;0.028;-0.22
MCI	7;WN;12138;11.23;5.4;0.0133;-0.17
MCI	8;F9;222;11.55;9.26;0.0135;0.15
MCI	9;OO;618;13.48;11.68;0.021;2.08
MCI	10;G4;125;14.94;10.92;0.008;3.54
MCI	11;NK;749;14.98;7.91;0.0107;3.58
MCI	12;AA;2860;21.39;21.02;0.0178;9.99
MCI	13;OH;295;27.97;25.05;0.0441;16.57
MCI	14;B6;164;29.03;28.44;0.0061;17.63
MCO	1;UA;7300;13.78;8.4;0.0289;-3.77
MCO	2;AS;1457;14.15;12.3;0.0515;-3.4
MCO	3;DL;11298;15.45;9.87;0.0027;-2.1
MCO	4;F9;10011;15.9;11.7;0.0173;-1.65
MCO	5;WN;23934;17.27;12.73;0.0109;-0.28
MCO	6;NK;13339;17.87;13.63;0.0124;0.32
MCO	7;AA;9366;20.9;18.52;0.0125;3.35
MCO	8;B6;8789;22.27;16.3;0.0124;4.72
MCO	9;G4;56;46.07;52.05;0.0;28.52
MCW	1;OO;314;21.6;17.45;0.0446;0.0
MDT	1;YX;260;-2.09;-12.95;0.0115;-12.38
MDT	2;DL;311;4.56;-6.34;0.0032;-5.73
MDT	3;9E;244;5.24;-6.4;0.0123;-5.05
MDT	4;OH;330;5.27;1.44;0.0061;-5.02
MDT	5;UA;183;7.55;2.74;0.0109;-2.74
MDT	6;G4;437;11.03;4.98;0.0069;0.74
MDT	7;OO;387;14.84;9.49;0.0207;4.55
MDT	8;AA;419;22.52;17.52;0.0095;12.23
MDT	9;F9;68;28.44;18.85;0.0294;18.15
MDW	1;DL;717;9.47;1.28;0.0056;-5.13
MDW	2;WN;35701;13.93;7.86;0.016;-0.67
MDW	3;OO;1003;15.26;11.36;0.011;0.66
MDW	4;G4;231;19.54;14.86;0.0087;4.94
MDW	5;F9;1946;27.88;19.85;0.0247;13.28
MEI	1;OO;314;22.13;17.32;0.0318;0.0
MEM	1;DL;2235;5.4;-1.84;0.0067;-6.82
MEM	2;YX;1414;6.08;-0.02;0.017;-6.14
MEM	3;MQ;749;7.71;2.94;0.016;-4.51
MEM	4;UA;772;9.39;5.18;0.0117;-2.83
MEM	5;9E;454;9.98;5.6;0.0242;-2.24
MEM	6;OH;299;12.85;6.5;0.0067;0.63
MEM	7;WN;1789;13.55;7.19;0.0056;1.33
MEM	8;NK;489;14.5;3.02;0.0102;2.28
MEM	9;F9;100;16.07;13.04;0.01;3.85
MEM	10;G4;288;17.13;10.78;0.0035;4.91
MEM	11;OO;354;20.73;15.9;0.0311;8.51
MEM	12;AA;2202;22.38;19.82;0.0254;10.16
MFE	1;UA;267;4.3;-3.31;0.0337;-17.03
MFE	2;MQ;325;14.14;13.93;0.0308;-7.19
MFE	3;G4;233;18.22;10.89;0.0086;-3.11
MFE	4;AA;847;24.46;23.47;0.0331;3.13
MFE	5;OO;327;36.38;36.21;0.0214;15.05
MFR	1;OO;1388;7.14;2.63;0.0036;-2.96
MFR	2;UA;614;14.14;6.5;0.0081;4.04
MFR	3;G4;165;20.12;17.48;0.0121;10.02
MGM	1;9E;300;9.44;3.71;0.0;-6.02
MGM	2;MQ;236;10.36;5.4;0.0042;-5.1
MGM	3;OO;387;17.68;12.04;0.0026;2.22
MGM	4;OH;312;22.65;22.1;0.0417;7.19
MHK	1;MQ;441;12.03;3.74;0.0227;0.0
MHT	1;YX;40;0.95;-6.64;0.025;-9.68
MHT	2;MQ;55;1.54;-2.04;0.0182;-9.09
MHT	3;WN;1314;8.77;1.55;0.0068;-1.86
MHT	4;OH;920;10.28;7.59;0.012;-0.35
MHT	5;AA;121;24.55;18.3;0.0;13.92
MHT	6;NK;127;26.32;14.31;0.0394;15.69
MIA	1;MQ;7343;8.98;8.34;0.015;-13.11
MIA	2;NK;3477;12.96;9.17;0.0167;-9.13
MIA	3;YX;369;14.43;7.25;0.0271;-7.66
MIA	4;AS;290;15.94;12.48;0.0828;-6.15
MIA	5;WN;3458;17.26;14.89;0.0174;-4.83
MIA	6;UA;3597;19.72;15.49;0.0395;-2.37
MIA	7;F9;2050;21.41;17.79;0.022;-0.68
MIA	8;DL;5945;21.84;18.98;0.0069;-0.25
MIA	9;B6;1240;25.62;22.58;0.0242;3.53
MIA	10;AA;30718;27.18;22.39;0.0179;5.09
MIA	11;9E;7;28.71;31.14;0.0;6.62
MKE	1;MQ;43;-3.14;-8.21;0.0233;-15.53
MKE	2;AS;221;0.21;-3.08;0.0181;-12.18
MKE	3;YX;881;4.47;-2.63;0.0306;-7.92
MKE	4;DL;2101;6.96;0.37;0.0048;-5.43
MKE	5;UA;355;7.81;1.33;0.0056;-4.58
MKE	6;WN;5022;9.95;3.59;0.0141;-2.44
MKE	7;NK;392;11.69;4.34;0.0204;-0.7
MKE	8;OH;549;14.79;16.37;0.031;2.4
MKE	9;OO;2219;15.34;10.55;0.0266;2.95
MKE	10;B6;326;16.64;11.99;0.0061;4.25
MKE	11;F9;382;16.66;8.33;0.0157;4.27
MKE	12;9E;502;21.68;14.51;0.0219;9.29
MKE	13;AA;1265;28.76;25.47;0.0245;16.37
MLB	1;DL;705;3.29;-4.15;0.0;-3.24
MLB	2;G4;143;3.38;-3.23;0.0;-3.15
MLB	3;OH;576;11.32;8.65;0.0069;4.79
MLI	1;9E;368;11.72;5.3;0.0136;-5.18
MLI	2;OH;366;13.72;10.85;0.0246;-3.18
MLI	3;MQ;368;14.77;7.55;0.038;-2.13
MLI	4;G4;257;16.01;9.17;0.0117;-0.89
MLI	5;OO;733;22.57;19.5;0.0382;5.67
MLU	1;OO;40;3.89;1.03;0.05;-8.84
MLU	2;9E;387;10.74;9.45;0.0052;-1.99
MLU	3;MQ;512;14.92;12.74;0.0215;2.19
MOB	1;9E;334;1.48;-4.43;0.003;-8.49
MOB	2;DL;225;4.73;-1.36;0.0;-5.24
MOB	3;MQ;530;12.43;11.87;0.0321;2.46
MOB	4;OO;191;24.31;19.05;0.0;14.34
MOT	1;OO;938;16.01;10.06;0.0288;-0.33
MOT	2;G4;195;17.91;8.62;0.0103;1.57
MQT	1;9E;121;-1.82;-14.26;0.0248;-12.51
MQT	2;MQ;205;14.09;12.19;0.0049;3.4
MQT	3;OO;63;23.34;19.74;0.0159;12.65
MRY	1;OO;1644;5.78;3.29;0.0061;-4.43
MRY	2;MQ;125;7.85;6.94;0.008;-2.36
MRY	3;G4;53;26.3;29.92;0.0;16.09
MRY	4;AA;321;31.46;27.76;0.0218;21.25
MSN	1;YX;527;2.83;-3.51;0.0133;-13.45
MSN	2;DL;915;5.47;-2.85;0.0087;-10.81
MSN	3;UA;722;7.14;3.28;0.0125;-9.14
MSN	4;OH;447;10.2;8.55;0.0157;-6.08
MSN	5;9E;323;10.22;2.66;0.0093;-6.06
MSN	6;MQ;395;14.66;13.54;0.0253;-1.62
MSN	7;OO;1263;19.21;15.36;0.0206;2.93
MSN	8;F9;170;25.34;13.37;0.0294;9.06
MSN	9;AA;1031;39.35;35.54;0.0155;23.07
MSO	1;DL;315;7.64;2.52;0.0032;-4.77
MSO	2;UA;456;9.72;3.48;0.0175;-2.69
MSO	3;OO;535;9.82;6.67;0.0131;-2.59
