SMF	1;B6;204;57.83;52.05;0.0098;48.69
SMX	1;G4;53;23.85;25.17;0.0;0.0
SNA	1;AS;1996;2.61;0.48;0.0135;-8.79
SNA	2;NK;561;6.24;2.42;0.0107;-5.16
SNA	3;UA;3089;7.94;-1.0;0.0071;-3.46
SNA	4;WN;7311;9.26;1.31;0.0066;-2.14
SNA	5;DL;2333;9.39;-0.08;0.0013;-2.01
SNA	6;F9;555;10.08;7.1;0.0198;-1.32
SNA	7;G4;582;17.82;13.39;0.0155;6.42
SNA	8;OO;2011;18.06;20.0;0.0129;6.66
SNA	9;AA;3476;21.58;13.85;0.0155;10.18
SPI	1;G4;63;31.76;27.81;0.0;0.0
SPN	1;UA;184;-7.17;-11.51;0.0;0.0
SPS	1;OO;364;12.59;7.73;0.0302;0.0
SRQ	1;MQ;4;-1.0;-5.75;0.0;-14.75
SRQ	2;G4;1400;1.74;-2.15;0.0043;-12.01
SRQ	3;DL;1623;10.15;5.1;0.0025;-3.6
SRQ	4;YX;44;10.3;11.7;0.0227;-3.45
SRQ	5;OH;99;12.99;3.32;0.0303;-0.76
SRQ	6;WN;2549;13.24;7.85;0.0102;-0.51
SRQ	7;UA;1104;13.46;7.04;0.0199;-0.29
SRQ	8;B6;438;18.22;15.55;0.0205;4.47
SRQ	9;AA;1606;24.02;22.19;0.0137;10.27
SRQ	10;F9;335;29.83;30.63;0.0358;16.08
SRQ	11;OO;16;79.0;79.56;0.0;65.25
STC	1;G4;99;10.37;0.34;0.0;0.0
STL	1;DL;2680;4.76;-1.25;0.0034;-8.58
STL	2;AS;365;4.91;1.47;0.0192;-8.43
STL	3;9E;740;5.32;-1.84;0.0297;-8.02
STL	4;YX;987;8.1;0.55;0.0182;-5.24
STL	5;MQ;922;10.21;5.41;0.0315;-3.13
STL	6;WN;20213;13.3;7.94;0.0103;-0.04
STL	7;UA;1443;14.76;12.26;0.0146;1.42
STL	8;OO;260;17.92;11.84;0.0308;4.58
STL	9;AA;3649;19.53;17.54;0.0175;6.19
STL	10;OH;163;23.32;21.73;0.0368;9.98
STL	11;F9;630;26.53;19.58;0.0206;13.19
STL	12;NK;230;37.23;31.31;0.0391;23.89
STS	1;MQ;70;5.91;4.21;0.0;-4.32
STS	2;OO;1330;6.28;8.08;0.003;-3.95
STS	3;AS;117;10.31;9.57;0.0171;0.08
STS	4;AA;58;105.66;103.76;0.0;95.43
STT	1;UA;474;7.07;6.56;0.0042;-13.35
STT	2;F9;70;10.01;23.0;0.0286;-10.41
STT	3;DL;565;10.89;7.76;0.0035;-9.53
STT	4;B6;337;15.62;12.75;0.0326;-4.8
STT	5;NK;623;15.96;12.59;0.0096;-4.46
STT	6;AA;1230;34.13;32.96;0.0106;13.71
STX	1;F9;19;-0.79;8.11;0.0;-27.86
STX	2;DL;92;3.49;-0.61;0.0;-23.58
STX	3;NK;172;16.34;22.61;0.0349;-10.73
STX	4;AA;473;36.58;38.41;0.0042;9.51
SUN	1;OO;1088;13.56;10.74;0.0147;0.0
SUX	1;OO;367;18.43;9.44;0.0245;0.0
SWF	1;G4;197;21.35;12.35;0.0051;0.0
SWO	1;MQ;161;7.09;2.78;0.0062;-6.54
SWO	2;OO;207;18.94;13.03;0.0483;5.31
SYR	1;YX;902;-0.4;-11.01;0.0144;-9.4
SYR	2;DL;607;3.52;-7.79;0.0016;-5.48
SYR	3;UA;492;3.56;-5.42;0.0102;-5.44
SYR	4;9E;1147;4.11;-5.71;0.0174;-4.89
SYR	5;MQ;393;7.59;0.59;0.0076;-1.41
SYR	6;WN;723;10.28;1.67;0.0055;1.28
SYR	7;B6;638;10.77;5.38;0.0266;1.77
SYR	8;OO;366;13.75;8.8;0.0109;4.75
SYR	9;F9;299;17.66;10.35;0.0268;8.66
SYR	10;G4;413;19.39;8.2;0.0121;10.39
SYR	11;OH;131;19.62;17.15;0.0076;10.62
SYR	12;AA;783;20.02;15.16;0.0115;11.02
TLH	1;YX;7;-2.2;0.6;0.2857;-11.66
TLH	2;DL;750;1.51;-6.02;0.0013;-7.95
TLH	3;B6;181;5.33;-0.13;0.011;-4.13
TLH	4;9E;278;11.55;9.97;0.0;2.09
TLH	5;MQ;1510;12.66;11.66;0.0132;3.2
TLH	6;OH;364;13.22;10.39;0.0055;3.76
TLH	7;OO;1;36.0;47.0;0.0;26.54
TOL	1;G4;234;20.11;12.63;0.0;0.0
TPA	1;YX;12;-0.17;-4.67;0.0;-15.73
TPA	2;NK;3412;8.52;5.78;0.0164;-7.04
TPA	3;DL;6536;13.36;7.99;0.0026;-2.2
TPA	4;UA;4605;13.5;8.66;0.023;-2.06
TPA	5;WN;13138;14.01;10.32;0.0113;-1.55
TPA	6;F9;3631;18.39;14.4;0.0187;2.83
TPA	7;AS;608;19.89;19.03;0.0477;4.33
TPA	8;MQ;597;20.24;19.5;0.0268;4.68
TPA	9;B6;2689;20.68;15.32;0.0167;5.12
TPA	10;AA;6816;21.3;18.76;0.0163;5.74
TRI	1;9E;518;0.39;-7.61;0.0058;-6.85
TRI	2;OH;83;4.35;-11.65;0.0361;-2.89
TRI	3;DL;32;6.56;-8.19;0.0;-0.68
TRI	4;MQ;176;7.49;1.17;0.017;0.25
TRI	5;OO;145;17.23;9.61;0.0069;9.99
TRI	6;G4;95;31.89;28.01;0.0211;24.65
TTN	1;F9;1218;17.29;9.09;0.0296;0.0
TUL	1;YX;360;1.78;-0.74;0.0194;-8.91
TUL	2;UA;218;4.58;9.13;0.0046;-6.11
TUL	3;DL;617;4.92;-2.94;0.0016;-5.77
TUL	4;OO;1790;7.52;3.75;0.0095;-3.17
TUL	5;9E;135;7.6;5.2;0.0;-3.09
TUL	6;WN;2719;8.48;3.23;0.0074;-2.21
TUL	7;MQ;743;10.39;7.7;0.0229;-0.3
TUL	8;G4;221;15.96;7.46;0.0;5.27
TUL	9;OH;369;17.43;14.21;0.0136;6.74
TUL	10;AA;1049;27.06;25.49;0.0324;16.37
TUS	1;MQ;400;1.67;-0.03;0.0025;-8.86
TUS	2;DL;672;4.96;-3.09;0.0015;-5.57
TUS	3;OO;3793;8.47;6.83;0.0042;-2.06
TUS	4;AS;285;9.16;7.22;0.007;-1.37
TUS	5;WN;2189;11.39;4.98;0.0064;0.86
TUS	6;AA;1608;16.51;13.27;0.0218;5.98
TUS	7;UA;585;17.73;9.28;0.0137;7.2
TVC	1;YX;114;5.49;3.61;0.0;-11.84
TVC	2;UA;224;10.65;8.9;0.0179;-6.68
TVC	3;9E;106;11.1;6.45;0.0094;-6.23
TVC	4;DL;203;11.33;-0.21;0.0049;-6.0
TVC	5;MQ;248;12.43;6.0;0.0;-4.9
TVC	6;G4;170;17.16;5.03;0.0118;-0.17
TVC	7;OH;28;21.5;13.43;0.0;4.17
TVC	8;OO;581;25.67;21.46;0.0293;8.34
TVC	9;AA;28;56.89;55.11;0.0;39.56
TWF	1;OO;368;0.21;-4.36;0.0054;0.0
TXK	1;OO;129;14.76;18.61;0.0775;-3.05
TXK	2;MQ;246;19.31;19.01;0.0122;1.5
TYR	1;OO;552;19.61;15.35;0.0308;0.0
TYS	1;9E;1302;2.75;-4.48;0.0161;-8.68
TYS	2;DL;660;3.61;-5.6;0.0015;-7.82
TYS	3;OH;1751;9.2;6.87;0.0183;-2.23
TYS	4;MQ;500;9.27;9.12;0.012;-2.16
TYS	5;OO;896;13.59;7.44;0.0201;2.16
TYS	6;YX;213;14.42;13.6;0.0376;2.99
TYS	7;F9;163;15.38;11.47;0.0061;3.95
TYS	8;G4;1122;16.78;12.03;0.0116;5.35
TYS	9;UA;40;19.62;20.4;0.0;8.19
TYS	10;AA;819;26.23;19.03;0.0293;14.8
USA	1;G4;376;25.01;20.81;0.0186;0.0
VCT	1;OO;315;13.68;6.84;0.0349;0.0
VEL	1;OO;52;21.42;16.77;0.0;0.0
VLD	1;OO;60;6.38;4.95;0.0;-1.01
VLD	2;9E;308;7.58;1.49;0.0032;0.19
VPS	1;YX;36;-7.36;-17.75;0.0;-21.12
VPS	2;G4;1098;5.25;-0.6;0.0073;-8.51
VPS	3;DL;1259;8.95;1.23;0.0024;-4.81
VPS	4;WN;966;10.05;2.95;0.0031;-3.71
VPS	5;OH;307;10.09;9.23;0.0163;-3.67
VPS	6;MQ;163;22.07;20.67;0.0552;8.31
VPS	7;AA;1081;31.92;29.71;0.0176;18.16
VPS	8;9E;5;55.4;64.6;0.0;41.64
WRG	1;AS;366;-1.78;-4.55;0.0164;0.0
WYS	1;OO;100;31.48;26.45;0.03;0.0
XNA	1;DL;325;1.75;-6.98;0.0;-10.92
XNA	2;9E;689;3.93;-1.69;0.0044;-8.74
XNA	3;YX;352;9.01;4.48;0.0256;-3.66
XNA	4;OO;1268;10.48;7.24;0.011;-2.19
XNA	5;MQ;2552;11.67;10.13;0.0133;-1.0
XNA	6;F9;89;11.68;11.97;0.0112;-0.99
XNA	7;UA;53;13.17;13.83;0.0;0.5
XNA	8;AA;515;27.03;28.48;0.0155;14.36
XNA	9;G4;441;27.38;22.95;0.0068;14.71
XNA	10;OH;129;32.07;25.45;0.0465;19.4
XWA	1;OO;945;16.77;8.89;0.0233;0.0
YAK	1;AS;366;-3.76;-4.23;0.0301;0.0
YUM	1;OO;568;9.33;6.79;0.0053;-0.37
YUM	2;MQ;201;10.76;10.01;0.005;1.06
