PNS	1;F9;203;14.87;11.77;0.0246;-2.0
PNS	2;OH;1227;22.16;19.26;0.0073;5.29
PNS	3;NK;485;22.64;14.68;0.0268;5.77
PNS	4;9E;182;24.29;18.45;0.011;7.42
PNS	5;OO;110;35.7;31.29;0.0;18.83
PNS	6;AA;1040;37.15;36.42;0.0337;20.28
PPG	1;HA;60;6.53;5.88;0.0;0.0
PRC	1;OO;368;24.61;22.6;0.0082;0.0
PSC	1;OO;1952;5.57;0.65;0.0051;-0.37
PSC	2;AS;190;7.19;7.69;0.0368;1.25
PSC	3;G4;150;7.71;6.33;0.0;1.77
PSC	4;DL;89;8.55;-4.35;0.0;2.61
PSE	1;B6;378;4.36;-3.01;0.0159;-2.4
PSE	2;F9;204;11.18;8.21;0.0098;4.42
PSG	1;AS;366;0.16;-1.32;0.0164;0.0
PSM	1;G4;196;18.1;6.42;0.0153;0.0
PSP	1;AS;970;4.17;1.54;0.0557;-6.76
PSP	2;DL;496;8.02;-2.09;0.004;-2.91
PSP	3;WN;1640;8.84;3.14;0.0037;-2.09
PSP	4;MQ;84;9.99;7.12;0.0357;-0.94
PSP	5;G4;61;10.61;5.02;0.0;-0.32
PSP	6;OO;2823;10.87;9.97;0.0092;-0.06
PSP	7;AA;1052;16.06;12.49;0.0162;5.13
PSP	8;UA;843;16.25;9.16;0.0059;5.32
PSP	9;B6;79;30.13;19.23;0.0127;19.2
PVD	1;UA;6;-2.17;-1.33;0.0;-14.63
PVD	2;OO;173;2.47;0.59;0.0173;-9.99
PVD	3;YX;378;4.89;-1.49;0.0106;-7.57
PVD	4;OH;783;7.95;5.53;0.0179;-4.51
PVD	5;9E;493;9.34;1.03;0.0325;-3.12
PVD	6;MQ;291;9.54;5.53;0.0069;-2.92
PVD	7;B6;662;10.47;3.24;0.0106;-1.99
PVD	8;WN;2313;12.49;4.46;0.0147;0.03
PVD	9;DL;666;14.74;4.24;0.0;2.28
PVD	10;AA;895;21.9;14.68;0.0078;9.44
PVD	11;G4;125;26.74;17.99;0.0;14.28
PVU	1;G4;985;7.79;3.97;0.0051;0.0
PWM	1;UA;300;3.29;-2.64;0.0367;-10.72
PWM	2;YX;1326;4.68;-3.04;0.0309;-9.33
PWM	3;OH;436;13.55;9.31;0.0229;-0.46
PWM	4;OO;82;13.86;-0.35;0.0244;-0.15
PWM	5;WN;615;14.69;7.46;0.0179;0.68
PWM	6;DL;329;15.4;4.85;0.0122;1.39
PWM	7;F9;254;15.53;4.47;0.0551;1.52
PWM	8;9E;614;15.87;6.96;0.0358;1.86
PWM	9;B6;83;17.32;10.7;0.0843;3.31
PWM	10;MQ;12;22.4;18.3;0.1667;8.39
PWM	11;AA;556;37.22;28.32;0.0216;23.21
RAP	1;UA;487;7.32;1.84;0.0185;-8.19
RAP	2;OO;932;15.05;6.33;0.0225;-0.46
RAP	3;MQ;508;17.3;13.15;0.0177;1.79
RAP	4;DL;26;19.58;12.27;0.0;4.07
RAP	5;G4;170;21.96;19.99;0.0176;6.45
RAP	6;AA;32;43.5;32.59;0.0;27.99
RAP	7;9E;22;76.95;80.68;0.0;61.44
RDD	1;OO;642;5.18;0.49;0.0031;0.0
RDM	1;AS;286;1.99;5.29;0.0315;-17.83
RDM	2;MQ;55;4.44;-3.35;0.0182;-15.38
RDM	3;OO;1950;15.63;14.25;0.0215;-4.19
RDM	4;UA;547;39.41;32.97;0.0146;19.59
RDM	5;AA;59;75.14;67.6;0.0169;55.32
RDU	1;YX;2660;3.74;0.9;0.0165;-9.43
RDU	2;MQ;718;6.54;3.11;0.0167;-6.63
RDU	3;UA;2783;10.0;4.43;0.0129;-3.17
RDU	4;DL;5482;10.29;2.71;0.0011;-2.88
RDU	5;WN;4407;10.93;5.1;0.0077;-2.24
RDU	6;9E;3346;12.87;6.78;0.0218;-0.3
RDU	7;AS;242;14.15;11.41;0.0248;0.98
RDU	8;OH;415;16.69;17.17;0.0024;3.52
RDU	9;B6;1518;17.39;12.54;0.0158;4.22
RDU	10;AA;5800;19.1;14.21;0.0159;5.93
RDU	11;F9;2051;20.41;17.68;0.0244;7.24
RDU	12;NK;214;25.59;20.7;0.0187;12.42
RDU	13;OO;273;33.77;35.22;0.0;20.6
RFD	1;G4;425;16.7;9.02;0.0071;0.0
RHI	1;OO;399;5.37;-6.52;0.0075;0.0
RIC	1;UA;537;3.29;-0.82;0.013;-10.89
RIC	2;YX;1031;5.26;5.23;0.0175;-8.92
RIC	3;DL;1330;5.63;-1.13;0.0008;-8.55
RIC	4;MQ;151;8.7;5.21;0.0066;-5.48
RIC	5;OH;205;10.73;7.43;0.0049;-3.45
RIC	6;WN;914;12.5;5.71;0.0011;-1.68
RIC	7;9E;1006;13.42;9.83;0.0209;-0.76
RIC	8;B6;942;18.32;8.77;0.0117;4.14
RIC	9;OO;282;19.78;13.05;0.0;5.6
RIC	10;NK;677;22.62;14.96;0.0192;8.44
RIC	11;AA;1872;23.11;18.56;0.0155;8.93
RIC	12;G4;190;27.37;18.07;0.0158;13.19
RIW	1;OO;259;11.47;6.52;0.0347;0.0
RKS	1;OO;260;11.69;5.65;0.0154;0.0
RNO	1;AS;218;5.28;3.94;0.0138;-6.84
RNO	2;WN;4274;8.41;2.67;0.007;-3.71
RNO	3;NK;491;8.99;3.16;0.0183;-3.13
RNO	4;OO;1964;10.24;8.23;0.0112;-1.88
RNO	5;DL;419;10.52;0.58;0.0;-1.6
RNO	6;UA;1045;17.01;12.68;0.0115;4.89
RNO	7;MQ;91;18.44;17.19;0.011;6.32
RNO	8;AA;1214;22.44;16.82;0.0173;10.32
RNO	9;B6;221;34.94;30.84;0.0136;22.82
RNO	10;G4;3;67.33;73.0;0.0;55.21
ROA	1;9E;490;10.58;4.45;0.0122;-6.04
ROA	2;DL;184;12.76;2.8;0.0;-3.86
ROA	3;OH;109;15.2;14.65;0.0275;-1.42
ROA	4;G4;113;19.56;14.24;0.0177;2.94
ROA	5;OO;377;20.89;19.71;0.0265;4.27
ROA	6;YX;156;29.05;29.86;0.0256;12.43
ROC	1;YX;574;2.33;-3.74;0.0261;-8.93
ROC	2;OO;282;5.4;0.73;0.0035;-5.86
ROC	3;MQ;272;6.49;-1.93;0.011;-4.77
ROC	4;UA;441;9.1;2.18;0.0227;-2.16
ROC	5;OH;354;10.59;9.04;0.0085;-0.67
ROC	6;9E;1345;10.75;1.19;0.029;-0.51
ROC	7;DL;569;12.31;0.93;0.0018;1.05
ROC	8;WN;1033;12.36;4.29;0.0048;1.1
ROC	9;NK;188;15.89;2.99;0.0106;4.63
ROC	10;B6;340;17.15;12.76;0.0382;5.89
ROC	11;AA;386;19.95;16.83;0.013;8.69
ROC	12;G4;48;51.96;38.6;0.0;40.7
ROW	1;MQ;163;13.94;7.32;0.0061;-11.47
ROW	2;OO;263;32.78;28.65;0.0418;7.37
RST	1;MQ;144;4.71;0.24;0.0;-7.87
RST	2;9E;145;10.5;3.29;0.0276;-2.08
RST	3;OO;426;15.97;8.75;0.0117;3.39
RSW	1;OH;7;-3.86;-11.57;0.0;-18.43
RSW	2;UA;3263;7.84;2.67;0.0325;-6.73
RSW	3;DL;3987;9.26;4.28;0.0015;-5.31
RSW	4;AS;132;10.5;4.59;0.053;-4.07
RSW	5;NK;1872;12.92;9.39;0.0214;-1.65
RSW	6;9E;7;14.0;9.86;0.0;-0.57
RSW	7;WN;4249;14.35;10.93;0.0139;-0.22
RSW	8;AA;3099;18.59;16.65;0.0155;4.02
RSW	9;MQ;89;20.16;22.09;0.0112;5.59
RSW	10;F9;1706;21.45;17.07;0.0281;6.88
RSW	11;B6;2061;25.42;21.91;0.017;10.85
RSW	12;YX;5;166.4;158.6;0.0;151.83
SAF	1;OO;972;16.05;14.25;0.0175;-0.67
SAF	2;MQ;102;23.13;21.83;0.0196;6.41
SAN	1;G4;86;6.31;4.85;0.0;-5.8
SAN	2;OO;5837;8.14;8.1;0.0038;-3.97
SAN	3;DL;4564;8.34;0.66;0.0009;-3.77
SAN	4;NK;1209;8.63;3.84;0.0149;-3.48
SAN	5;AS;4760;9.19;5.49;0.045;-2.92
SAN	6;UA;4934;9.67;2.29;0.0286;-2.44
SAN	7;WN;16769;12.72;6.7;0.0068;0.61
SAN	8;HA;351;14.45;13.92;0.0085;2.34
SAN	9;B6;902;16.28;9.61;0.0033;4.17
SAN	10;AA;4593;21.0;14.5;0.0133;8.89
SAN	11;F9;1570;21.68;21.58;0.0197;9.57
SAT	1;UA;2572;7.34;1.44;0.0226;-5.4
SAT	2;AS;320;9.34;6.98;0.0094;-3.4
SAT	3;WN;8267;10.28;4.62;0.0083;-2.46
SAT	4;DL;2975;10.87;3.67;0.0017;-1.87
SAT	5;NK;993;16.24;6.79;0.0151;3.5
SAT	6;OO;478;16.3;14.06;0.0126;3.56
SAT	7;MQ;176;16.87;12.04;0.0114;4.13
SAT	8;AA;4020;18.47;17.4;0.0214;5.73
SAT	9;F9;274;19.91;11.26;0.0438;7.17
SAT	10;B6;368;37.59;28.77;0.0082;24.85
SAT	11;G4;10;111.6;112.7;0.0;98.86
SAV	1;YX;524;4.27;-4.29;0.0057;-7.01
SAV	2;F9;76;5.16;7.21;0.0;-6.12
SAV	3;OO;171;5.31;1.45;0.0234;-5.97
SAV	4;OH;1572;5.9;0.81;0.0083;-5.38
SAV	5;DL;1589;6.64;0.01;0.0013;-4.64
SAV	6;UA;739;7.86;0.84;0.0095;-3.42
SAV	7;MQ;552;9.21;7.05;0.0054;-2.07
SAV	8;G4;424;10.32;7.27;0.0024;-0.96
SAV	9;WN;1418;10.39;4.99;0.0021;-0.89
SAV	10;9E;987;12.87;4.53;0.0294;1.59
SAV	11;B6;393;18.33;12.89;0.0178;7.05
SAV	12;AA;1034;33.01;25.65;0.0232;21.73
SBA	1;AS;149;2.2;-0.74;0.0134;-12.22
SBA	2;WN;1069;7.78;1.67;0.0206;-6.64
SBA	3;MQ;86;10.59;8.15;0.0;-3.83
SBA	4;OO;862;12.24;10.61;0.0197;-2.18
SBA	5;DL;76;19.25;9.78;0.0;4.83
SBA	6;UA;721;22.43;18.96;0.0374;8.01
SBA	7;AA;572;23.33;19.96;0.021;8.91
SBN	1;G4;401;11.38;3.68;0.0075;-5.32
SBN	2;OH;529;15.72;12.19;0.0095;-0.98
SBN	3;9E;1;16.0;-11.0;0.0;-0.7
SBN	4;OO;2214;17.92;10.98;0.028;1.22
SBP	1;MQ;84;-0.64;-4.17;0.0;-10.26
SBP	2;UA;185;4.5;-2.08;0.0054;-5.12
SBP	3;OO;1729;8.48;5.85;0.0098;-1.14
SBP	4;AA;312;21.75;17.18;0.0064;12.13
SCC	1;AS;286;-5.53;-6.38;0.0455;0.0
SCE	1;YX;1;-10.0;-33.0;0.0;-21.94
SCE	2;OH;2;3.0;-18.0;0.5;-8.94
SCE	3;OO;346;12.04;5.95;0.0231;0.1
SCK	1;G4;251;13.71;15.83;0.0;0.0
SDF	1;YX;2871;1.29;-3.61;0.0098;-8.99
SDF	2;DL;1179;3.44;-3.49;0.0008;-6.84
SDF	3;WN;2626;8.19;2.39;0.0076;-2.09
SDF	4;UA;481;9.8;5.61;0.0083;-0.48
SDF	5;OH;766;12.39;7.38;0.0052;2.11
SDF	6;OO;1042;14.85;9.27;0.0086;4.57
SDF	7;MQ;784;15.88;13.96;0.0204;5.6
SDF	8;9E;79;16.82;12.49;0.0127;6.54
SDF	9;G4;345;18.53;13.36;0.0087;8.25
SDF	10;NK;485;19.68;13.89;0.0062;9.4
SDF	11;AA;1418;25.23;23.84;0.0219;14.95
SEA	1;DL;15489;7.24;0.53;0.0008;-3.2
SEA	2;OO;13065;7.27;5.47;0.0049;-3.17
SEA	3;AS;37774;10.92;6.58;0.0255;0.48
SEA	4;UA;4161;12.7;5.87;0.0199;2.26
SEA	5;NK;368;12.96;4.44;0.0027;2.52
SEA	6;WN;3802;13.89;7.4;0.0024;3.45
SEA	7;MQ;298;19.96;10.1;0.0;9.52
SEA	8;B6;388;20.53;11.97;0.0026;10.09
SEA	9;AA;2629;22.49;12.86;0.0198;12.05
SEA	10;HA;372;22.63;18.87;0.0242;12.19
SEA	11;F9;600;23.02;14.31;0.015;12.58
SFB	1;G4;4971;10.8;8.14;0.0084;0.0
SFO	1;HA;371;7.4;5.61;0.0377;-10.04
SFO	2;AS;5337;12.98;7.99;0.045;-4.46
SFO	3;UA;23386;14.24;3.13;0.0197;-3.2
SFO	4;OO;15348;14.43;8.55;0.016;-3.01
SFO	5;DL;6194;17.11;7.07;0.0013;-0.33
SFO	6;MQ;50;17.54;8.24;0.0;0.1
SFO	7;B6;2160;18.75;8.25;0.0042;1.31
SFO	8;WN;3541;26.17;19.52;0.0068;8.73
SFO	9;AA;4977;29.63;21.76;0.0108;12.19
SFO	10;F9;1897;46.18;42.69;0.0237;28.74
SGF	1;9E;230;8.68;2.7;0.0043;-10.15
SGF	2;DL;198;12.76;4.45;0.0;-6.07
SGF	3;MQ;2032;16.3;13.91;0.0261;-2.53
SGF	4;G4;403;17.78;12.58;0.0025;-1.05
SGF	5;OO;866;19.06;12.16;0.0196;0.23
SGF	6;OH;401;40.83;37.98;0.0075;22.0
SGU	1;OO;1332;4.43;0.67;0.0045;0.0
SHR	1;OO;367;2.04;-1.03;0.03;0.0
SHV	1;9E;569;6.57;1.66;0.0105;-9.04
SHV	2;MQ;301;12.96;6.97;0.0299;-2.65
SHV	3;G4;73;14.99;10.26;0.0137;-0.62
SHV	4;OO;144;20.79;14.07;0.0208;5.18
SHV	5;OH;934;21.37;20.07;0.0375;5.76
SIT	1;AS;646;-2.35;-3.01;0.0186;-2.43
SIT	2;OO;25;64.21;62.92;0.04;64.13
SJC	1;HA;323;0.76;-5.45;0.0093;-5.89
SJC	2;OO;4211;1.36;-0.99;0.0017;-5.29
SJC	3;MQ;152;1.67;-2.99;0.0066;-4.98
SJC	4;AS;1281;2.31;-1.41;0.0375;-4.34
SJC	5;DL;1149;4.56;-5.78;0.0009;-2.09
SJC	6;UA;1012;5.19;-3.51;0.0168;-1.46
SJC	7;WN;14250;7.87;2.05;0.0048;1.22
SJC	8;NK;835;9.37;5.82;0.006;2.72
SJC	9;AA;788;21.16;12.57;0.014;14.51
SJC	10;B6;97;42.56;30.41;0.0206;35.91
SJT	1;MQ;474;11.44;8.58;0.0253;-3.62
SJT	2;OO;77;37.32;35.47;0.026;22.26
SJU	1;DL;1893;7.79;3.32;0.0011;-12.16
SJU	2;WN;2119;10.03;9.84;0.0033;-9.92
SJU	3;UA;1656;11.42;10.74;0.0157;-8.53
SJU	4;NK;2812;17.52;14.26;0.0153;-2.43
SJU	5;B6;4704;25.81;16.41;0.0115;5.86
SJU	6;F9;2915;26.64;27.39;0.023;6.69
SJU	7;AA;2219;28.21;29.51;0.005;8.26
SLC	1;OO;16017;5.73;1.09;0.0041;-4.0
SLC	2;AS;620;7.48;5.39;0.0242;-2.25
SLC	3;NK;677;9.19;1.66;0.0074;-0.54
SLC	4;DL;26641;9.23;3.17;0.0009;-0.5
SLC	5;HA;48;11.85;-1.75;0.0;2.12
SLC	6;WN;6178;12.92;6.21;0.0047;3.19
SLC	7;UA;2240;13.32;8.37;0.0187;3.59
SLC	8;MQ;39;13.59;7.67;0.0;3.86
SLC	9;B6;1075;18.94;12.63;0.0065;9.21
SLC	10;AA;2121;21.07;14.27;0.0165;11.34
SLC	11;F9;1427;22.34;20.23;0.0189;12.61
SLN	1;OO;357;16.99;13.08;0.0364;0.0
SMF	1;MQ;166;2.34;-2.08;0.0;-6.8
SMF	2;OO;4154;4.87;1.59;0.0034;-4.27
SMF	3;HA;408;5.3;3.32;0.0098;-3.84
SMF	4;DL;1520;6.55;-1.24;0.0007;-2.59
SMF	5;AS;473;6.76;4.97;0.0233;-2.38
SMF	6;UA;1801;8.51;0.98;0.0144;-0.63
SMF	7;WN;14876;9.29;3.56;0.0059;0.15
SMF	8;NK;776;11.2;7.03;0.0129;2.06
SMF	9;AA;1692;15.8;9.22;0.0207;6.66
SMF	10;F9;133;24.05;25.53;0.0;14.91
