ABE	1;9E;513;8.86;-1.72;0.0058;-4.22
ABE	2;OH;551;10.77;0.04;0.0127;-2.31
ABE	3;G4;889;10.88;1.76;0.0045;-2.2
ABE	4;OO;313;30.91;22.21;0.0383;17.83
ABI	1;MQ;882;11.29;9.19;0.0136;0.0
ABQ	1;DL;706;0.91;-7.18;0.0;-10.63
ABQ	2;OO;1969;4.71;0.7;0.0081;-6.83
ABQ	3;MQ;308;6.41;3.56;0.0162;-5.13
ABQ	4;NK;247;8.2;1.76;0.0081;-3.34
ABQ	5;UA;822;8.98;3.22;0.0097;-2.56
ABQ	6;WN;5644;11.33;4.97;0.0071;-0.21
ABQ	7;AS;189;12.61;9.27;0.0106;1.07
ABQ	8;AA;1545;24.43;21.72;0.0298;12.89
ABQ	9;B6;139;62.24;54.87;0.0216;50.7
ABR	1;OO;367;17.37;7.59;0.0136;0.0
ABY	1;OO;360;14.02;12.08;0.0056;-0.73
ABY	2;9E;8;47.5;48.12;0.0;32.75
ACK	1;B6;312;11.21;7.07;0.0449;-4.66
ACK	2;MQ;4;15.5;15.0;0.0;-0.37
ACK	3;YX;166;21.87;20.93;0.0542;6.0
ACK	4;OO;13;50.31;45.08;0.0;34.44
ACT	1;OO;275;13.22;12.98;0.0545;-3.8
ACT	2;MQ;276;20.68;19.78;0.0217;3.66
ACV	1;OO;800;22.05;19.59;0.015;0.0
ACY	1;NK;1716;9.9;4.09;0.014;0.0
ADK	1;AS;52;-16.26;-15.89;0.1154;0.0
ADQ	1;AS;385;1.48;-1.29;0.0234;0.0
AEX	1;9E;387;12.64;8.15;0.0052;-5.38
AEX	2;OO;551;21.92;19.91;0.0363;3.9
AGS	1;9E;764;9.87;4.38;0.0;-4.51
AGS	2;YX;31;9.94;-0.71;0.0;-4.44
AGS	3;DL;55;12.93;11.69;0.0;-1.45
AGS	4;OH;684;13.88;11.1;0.0088;-0.5
AGS	5;MQ;87;14.93;10.75;0.023;0.55
AGS	6;OO;281;26.65;20.68;0.0036;12.27
AGS	7;AA;23;36.48;34.35;0.0;22.1
AKN	1;AS;67;-13.02;-10.53;0.0149;0.0
ALB	1;YX;281;0.68;-5.67;0.0178;-11.61
ALB	2;MQ;134;2.81;-3.25;0.0;-9.48
ALB	3;9E;608;5.3;-5.11;0.0164;-6.99
ALB	4;UA;339;7.06;-1.97;0.0147;-5.23
ALB	5;OO;338;8.51;0.08;0.0059;-3.78
ALB	6;DL;640;10.04;-1.17;0.0047;-2.25
ALB	7;WN;1706;12.37;4.66;0.0111;0.08
ALB	8;OH;499;15.31;13.06;0.024;3.02
ALB	9;AA;724;16.25;10.8;0.0083;3.96
ALB	10;B6;344;23.07;17.62;0.0174;10.78
ALB	11;G4;283;30.17;19.17;0.0035;17.88
ALW	1;OO;366;-0.25;3.14;0.0464;0.0
AMA	1;WN;995;7.96;1.55;0.008;-3.29
AMA	2;MQ;986;10.96;8.85;0.0294;-0.29
AMA	3;OO;372;17.77;16.01;0.0242;6.52
AMA	4;AA;126;20.86;22.37;0.0317;9.61
ANC	1;AS;6994;4.1;0.77;0.0232;-1.96
ANC	2;UA;547;10.36;1.95;0.0146;4.3
ANC	3;DL;1075;11.46;2.07;0.0;5.4
ANC	4;AA;207;31.58;18.23;0.0097;25.52
APN	1;OO;314;18.93;12.06;0.051;0.0
ASE	1;OO;4353;29.79;23.38;0.0894;0.0
ATL	1;YX;787;4.4;2.14;0.0127;-6.11
ATL	2;AS;571;5.47;1.08;0.0298;-5.04
ATL	3;9E;12402;5.84;1.84;0.0062;-4.67
ATL	4;DL;111626;8.29;4.58;0.0015;-2.22
ATL	5;OH;1037;11.58;8.38;0.0087;1.07
ATL	6;UA;3505;12.87;7.14;0.0163;2.36
ATL	7;WN;18264;13.88;8.49;0.0058;3.37
ATL	8;NK;5274;17.93;11.36;0.01;7.42
ATL	9;OO;4480;20.47;17.16;0.0063;9.96
ATL	10;MQ;403;21.92;18.49;0.0199;11.41
ATL	11;B6;1604;22.44;18.58;0.0112;11.93
ATL	12;AA;3700;22.91;19.32;0.0184;12.4
ATL	13;F9;5349;27.89;22.47;0.0247;17.38
ATW	1;G4;683;5.95;-0.29;0.0073;-13.02
ATW	2;DL;117;6.49;-2.38;0.0;-12.48
ATW	3;9E;159;11.36;9.38;0.0;-7.61
ATW	4;MQ;343;15.93;8.4;0.0146;-3.04
ATW	5;OO;1723;26.41;21.13;0.0238;7.44
AUS	1;YX;87;0.48;-3.64;0.0;-16.75
AUS	2;OH;25;9.28;0.04;0.0;-7.95
AUS	3;AS;1410;11.62;9.99;0.0468;-5.61
AUS	4;UA;4613;12.75;6.5;0.0176;-4.48
AUS	5;WN;19165;13.64;8.18;0.0085;-3.59
AUS	6;9E;369;14.38;13.31;0.0027;-2.85
AUS	7;DL;5373;15.87;9.02;0.0017;-1.36
AUS	8;MQ;1548;16.42;14.63;0.02;-0.81
AUS	9;NK;565;18.41;11.58;0.0177;1.18
AUS	10;G4;613;20.23;16.04;0.0147;3.0
AUS	11;AA;7062;26.36;23.41;0.0184;9.13
AUS	12;F9;233;27.52;22.72;0.03;10.29
AUS	13;B6;496;32.05;24.01;0.0081;14.82
AUS	14;HA;83;40.55;46.15;0.012;23.32
AUS	15;OO;1273;41.06;39.23;0.0055;23.83
AVL	1;YX;600;4.41;-1.58;0.0133;-10.18
AVL	2;OH;1100;9.77;9.14;0.0064;-4.82
AVL	3;DL;1181;11.51;3.83;0.0008;-3.08
AVL	4;9E;274;13.79;6.76;0.0073;-0.8
AVL	5;OO;380;14.31;9.23;0.0263;-0.28
AVL	6;UA;41;14.83;10.0;0.0;0.24
AVL	7;MQ;530;19.02;18.17;0.017;4.43
AVL	8;G4;1552;19.32;14.95;0.009;4.73
AVL	9;B6;20;26.45;23.9;0.0;11.86
AVL	10;AA;175;47.07;42.49;0.04;32.48
AVP	1;OH;188;16.66;1.1;0.0;-6.68
AVP	2;AA;364;21.75;17.42;0.0055;-1.59
AVP	3;MQ;165;24.25;16.85;0.0242;0.91
AVP	4;OO;42;65.47;51.17;0.0476;42.13
AZA	1;G4;3067;3.39;-3.18;0.0059;0.0
AZO	1;9E;14;2.64;-2.93;0.0;-5.15
AZO	2;OO;496;7.94;2.1;0.0222;0.15
BDL	1;YX;223;-0.04;-6.17;0.0;-14.6
BDL	2;MQ;378;4.78;-0.28;0.0185;-9.78
BDL	3;9E;274;5.37;-0.28;0.0182;-9.19
BDL	4;UA;1034;6.22;0.18;0.0155;-8.34
BDL	5;DL;1826;6.4;-1.93;0.0022;-8.16
BDL	6;WN;1953;12.59;5.54;0.0087;-1.97
BDL	7;NK;267;16.22;13.11;0.015;1.66
BDL	8;OH;859;17.17;12.05;0.021;2.61
BDL	9;B6;1760;17.18;8.71;0.0142;2.62
BDL	10;AA;1751;18.22;12.59;0.0166;3.66
BDL	11;F9;498;60.07;58.81;0.0361;45.51
BDL	12;OO;15;92.13;82.0;0.0;77.57
BET	1;AS;366;13.05;16.14;0.0137;0.0
BFF	1;OO;314;6.63;5.74;0.0318;0.0
BFL	1;MQ;116;0.18;-2.35;0.0;-8.95
BFL	2;OO;533;7.6;-0.11;0.0038;-1.53
BFL	3;AA;510;12.82;8.67;0.0137;3.69
BGM	1;9E;185;18.42;12.54;0.027;0.0
BGR	1;OH;372;4.34;-2.34;0.0376;-6.23
BGR	2;9E;570;4.96;-4.79;0.0421;-5.61
BGR	3;YX;246;5.75;-6.35;0.0691;-4.82
BGR	4;MQ;51;16.63;21.39;0.0392;6.06
BGR	5;OO;40;17.49;19.23;0.025;6.92
BGR	6;G4;289;20.59;4.63;0.0208;10.02
BGR	7;AA;155;30.28;30.2;0.0194;19.71
BHM	1;UA;2;-10.0;-14.0;0.0;-21.98
BHM	2;YX;245;-0.98;-2.52;0.0122;-12.96
BHM	3;DL;1454;5.02;-1.33;0.0021;-6.96
BHM	4;9E;624;6.46;-0.75;0.0304;-5.52
BHM	5;MQ;1125;11.49;8.91;0.0169;-0.49
BHM	6;OH;2084;13.63;9.83;0.0154;1.65
BHM	7;WN;2130;14.72;10.87;0.0085;2.74
BHM	8;OO;577;16.0;9.72;0.0104;4.02
BHM	9;AA;151;50.41;52.05;0.0265;38.43
BIH	1;OO;169;22.1;12.05;0.1065;0.0
BIL	1;DL;368;0.03;-0.28;0.0027;-7.51
BIL	2;OO;561;2.6;-0.17;0.0036;-4.94
BIL	3;UA;373;3.59;0.71;0.0107;-3.95
BIL	4;MQ;404;18.99;20.23;0.0099;11.45
BIL	5;G4;178;21.21;19.85;0.0169;13.67
BIS	1;G4;273;3.49;-6.34;0.0147;-9.54
BIS	2;DL;327;7.79;1.01;0.0031;-5.24
BIS	3;MQ;241;12.88;4.28;0.0041;-0.15
BIS	4;OO;975;17.54;12.82;0.0185;4.51
BJI	1;OO;367;16.63;10.73;0.0109;0.0
BLI	1;G4;458;-0.13;-3.61;0.0044;-5.99
BLI	2;WN;516;8.46;2.39;0.0078;2.6
BLI	3;OO;457;8.91;10.24;0.0;3.05
BLV	1;G4;546;19.06;12.58;0.0128;0.0
BMI	1;F9;37;7.64;11.67;0.027;-4.04
BMI	2;9E;368;8.07;1.41;0.0109;-3.61
BMI	3;MQ;368;11.26;9.14;0.0272;-0.42
BMI	4;G4;112;26.34;23.79;0.0179;14.66
BNA	1;YX;2549;4.09;2.7;0.0196;-9.56
BNA	2;DL;4062;4.82;-1.14;0.0079;-8.83
