MSO	1;AA;62;10.89;0.29;0.0;-1.52
MSO	2;AS;76;14.24;3.47;0.0;1.83
MSO	3;MQ;209;14.46;9.97;0.0144;2.05
MSO	4;F9;53;18.04;22.06;0.0189;5.63
MSO	5;G4;144;35.89;33.5;0.0208;23.48
MSP	1;AS;490;4.72;-1.18;0.0245;-5.69
MSP	2;9E;3768;6.98;2.66;0.0061;-3.43
MSP	3;DL;33135;8.56;1.6;0.0022;-1.85
MSP	4;UA;2566;9.32;4.27;0.0207;-1.09
MSP	5;YX;595;10.18;3.45;0.0218;-0.23
MSP	6;WN;3728;10.4;3.24;0.011;-0.01
MSP	7;MQ;357;11.55;8.5;0.0112;1.14
MSP	8;G4;207;13.29;4.86;0.0;2.88
MSP	9;OO;12520;13.34;8.16;0.0107;2.93
MSP	10;NK;598;14.5;9.81;0.01;4.09
MSP	11;AA;2104;19.83;14.81;0.0176;9.42
MSP	12;F9;924;22.83;16.54;0.0206;12.42
MSP	13;OH;359;23.05;20.77;0.0167;12.64
MSP	14;B6;208;34.53;29.1;0.0192;24.12
MSY	1;9E;2;-7.0;-27.5;0.0;-22.63
MSY	2;YX;297;5.58;2.85;0.0067;-10.05
MSY	3;OO;155;9.15;8.52;0.0387;-6.48
MSY	4;MQ;585;11.04;9.64;0.0154;-4.59
MSY	5;DL;3653;11.35;3.98;0.0025;-4.28
MSY	6;OH;267;11.62;4.67;0.03;-4.01
MSY	7;AS;375;12.02;7.35;0.0027;-3.61
MSY	8;UA;3324;12.27;6.72;0.0235;-3.36
MSY	9;NK;2569;12.88;7.43;0.0113;-2.75
MSY	10;WN;9766;15.0;10.66;0.0085;-0.63
MSY	11;F9;480;19.86;17.07;0.0396;4.23
MSY	12;G4;52;20.92;17.69;0.0;5.29
MSY	13;AA;3555;25.67;24.09;0.0169;10.04
MSY	14;B6;828;29.42;21.53;0.0205;13.79
MTJ	1;DL;92;2.89;-3.47;0.0;-10.84
MTJ	2;UA;447;9.58;1.85;0.0157;-4.15
MTJ	3;WN;412;11.35;4.53;0.0024;-2.38
MTJ	4;OO;450;15.57;10.49;0.0178;1.84
MTJ	5;MQ;62;16.08;16.45;0.0323;2.35
MTJ	6;AA;218;26.83;26.36;0.0;13.1
MVY	1;B6;130;20.0;18.74;0.0615;-0.79
MVY	2;YX;155;20.77;19.6;0.0387;-0.02
MVY	3;MQ;4;46.0;54.0;0.0;25.21
MYR	1;DL;967;-1.81;-7.95;0.001;-11.17
MYR	2;OO;20;0.5;-6.85;0.0;-8.86
MYR	3;OH;1154;7.6;2.44;0.0069;-1.76
MYR	4;WN;1115;7.93;1.9;0.0027;-1.43
MYR	5;9E;276;8.29;-1.11;0.0181;-1.07
MYR	6;NK;2440;9.93;5.93;0.0176;0.57
MYR	7;YX;284;11.65;0.37;0.0387;2.29
MYR	8;AA;543;11.97;5.63;0.011;2.61
MYR	9;UA;89;12.84;4.76;0.0;3.48
MYR	10;MQ;177;14.64;15.67;0.0169;5.28
MYR	11;F9;193;21.6;18.25;0.0415;12.24
MYR	12;G4;492;25.96;24.84;0.0224;16.6
OAJ	1;DL;178;-1.81;-6.77;0.0;-6.92
OAJ	2;OH;278;5.63;0.8;0.0072;0.52
OAJ	3;9E;190;10.84;2.26;0.0;5.73
OAK	1;HA;463;-1.23;-3.14;0.0281;-10.07
OAK	2;OO;959;3.71;0.82;0.0042;-5.13
OAK	3;AS;365;4.77;-0.92;0.0438;-4.07
OAK	4;DL;270;5.17;-5.84;0.0037;-3.67
OAK	5;NK;1275;9.32;3.89;0.0149;0.48
OAK	6;WN;17819;9.47;2.69;0.0058;0.63
OAK	7;G4;53;9.77;14.36;0.0;0.93
OGG	1;WN;3537;0.96;-5.5;0.0071;-4.11
OGG	2;UA;896;3.34;-7.32;0.01;-1.73
OGG	3;AA;715;4.71;-5.41;0.0056;-0.36
OGG	4;HA;6764;6.02;4.56;0.0115;0.95
OGG	5;DL;498;10.91;-1.26;0.012;5.84
OGG	6;AS;975;12.84;6.21;0.0738;7.77
OKC	1;DL;866;2.79;-4.05;0.0046;-6.78
OKC	2;AS;173;3.19;1.54;0.0405;-6.38
OKC	3;YX;482;4.95;-0.96;0.0228;-4.62
OKC	4;MQ;1085;8.63;5.05;0.0295;-0.94
OKC	5;WN;3580;8.8;3.89;0.0092;-0.77
OKC	6;OO;3132;8.98;5.62;0.0083;-0.59
OKC	7;G4;102;9.54;5.71;0.0;-0.03
OKC	8;F9;211;12.19;5.79;0.019;2.62
OKC	9;UA;30;16.13;17.83;0.0;6.56
OKC	10;AA;1351;18.54;17.53;0.0252;8.97
OKC	11;OH;101;30.97;27.35;0.0396;21.4
OMA	1;DL;976;7.53;0.12;0.0041;-6.92
OMA	2;YX;525;8.21;4.98;0.0171;-6.24
OMA	3;MQ;292;8.54;7.95;0.0205;-5.91
OMA	4;AS;220;11.38;9.1;0.0182;-3.07
OMA	5;OO;2066;12.8;9.83;0.0106;-1.65
OMA	6;WN;3959;13.94;7.87;0.0177;-0.51
OMA	7;UA;1393;14.54;11.74;0.0244;0.09
OMA	8;G4;325;17.42;12.54;0.0185;2.97
OMA	9;9E;223;19.79;15.44;0.0179;5.34
OMA	10;AA;1664;21.57;16.87;0.0162;7.12
OMA	11;F9;256;29.6;26.65;0.0234;15.15
OME	1;AS;184;0.02;3.43;0.0543;0.0
ONT	1;MQ;7;-1.29;-9.43;0.0;-12.33
ONT	2;AS;618;3.19;-0.39;0.0469;-7.85
ONT	3;DL;984;5.65;-5.2;0.001;-5.39
ONT	4;OO;1147;6.97;4.99;0.0044;-4.07
ONT	5;WN;5407;8.79;1.42;0.0048;-2.25
ONT	6;UA;588;9.94;1.0;0.0017;-1.1
ONT	7;HA;185;11.64;12.62;0.0054;0.6
ONT	8;AA;1709;18.5;13.0;0.017;7.46
ONT	9;B6;184;18.73;8.33;0.0163;7.69
ONT	10;F9;1622;19.4;17.21;0.0173;8.36
ORD	1;YX;8147;3.93;-2.63;0.0152;-12.91
ORD	2;WN;4257;12.01;5.06;0.0251;-4.83
ORD	3;MQ;16097;12.81;10.2;0.0169;-4.03
ORD	4;9E;70;13.22;12.52;0.0143;-3.62
ORD	5;UA;43588;14.59;8.5;0.0162;-2.25
ORD	6;AS;1487;14.9;9.35;0.0276;-1.94
ORD	7;DL;4925;17.84;11.57;0.0073;1.0
ORD	8;OO;27177;18.43;13.25;0.0273;1.59
ORD	9;NK;4200;22.2;14.83;0.0148;5.36
ORD	10;AA;24934;24.61;21.3;0.0118;7.77
ORD	11;B6;608;28.53;22.08;0.0247;11.69
ORD	12;F9;929;37.73;36.65;0.0334;20.89
ORF	1;YX;1043;3.76;0.56;0.0268;-8.83
ORF	2;UA;1224;7.25;1.67;0.018;-5.34
ORF	3;OH;1277;7.57;4.07;0.0094;-5.02
ORF	4;9E;1163;9.59;3.68;0.0189;-3.0
ORF	5;WN;1499;11.33;4.63;0.0027;-1.26
ORF	6;DL;1152;11.34;2.13;0.0035;-1.25
ORF	7;MQ;178;16.28;12.53;0.0;3.69
ORF	8;G4;163;22.69;19.98;0.0123;10.1
ORF	9;AA;1602;22.71;17.24;0.0212;10.12
ORF	10;NK;533;28.04;21.33;0.0263;15.45
ORF	11;F9;119;28.91;27.85;0.0504;16.32
ORF	12;OO;15;47.64;49.36;0.0667;35.05
ORH	1;YX;177;-1.83;-7.59;0.0565;-20.45
ORH	2;9E;153;6.65;-2.91;0.0654;-11.97
ORH	3;B6;409;31.48;20.77;0.0244;12.86
OTH	1;OO;155;31.15;27.63;0.0258;0.0
OTZ	1;AS;183;-0.75;0.59;0.0765;0.0
PAE	1;AS;654;2.24;1.07;0.0443;0.0
PBG	1;G4;244;29.37;23.18;0.0246;0.0
PBI	1;YX;13;-4.15;-5.31;0.0;-22.45
PBI	2;NK;284;7.84;0.87;0.0176;-10.46
PBI	3;WN;1464;11.57;6.21;0.0061;-6.73
PBI	4;UA;2088;14.6;7.02;0.0426;-3.7
PBI	5;DL;3754;14.92;8.83;0.0048;-3.38
PBI	6;B6;4488;18.53;11.98;0.0138;0.23
PBI	7;G4;200;19.01;17.34;0.005;0.71
PBI	8;AA;3275;26.4;24.34;0.0159;8.1
PBI	9;F9;636;27.63;23.19;0.033;9.33
PDX	1;MQ;37;-5.19;-11.3;0.0;-14.68
PDX	2;G4;159;-0.39;-7.96;0.0;-9.88
PDX	3;OO;5542;5.47;4.47;0.0099;-4.02
PDX	4;AS;7873;6.17;4.57;0.0367;-3.32
PDX	5;DL;3399;6.58;-1.92;0.0038;-2.91
PDX	6;WN;4561;9.64;3.51;0.0088;0.15
PDX	7;NK;752;11.68;3.75;0.012;2.19
PDX	8;UA;3034;12.44;5.35;0.0185;2.95
PDX	9;HA;372;20.76;17.3;0.0108;11.27
PDX	10;F9;764;25.77;24.25;0.0288;16.28
PDX	11;AA;1861;25.93;17.79;0.0188;16.44
PDX	12;B6;97;28.8;16.62;0.0103;19.31
PGD	1;G4;3367;11.29;8.56;0.0053;0.0
PHL	1;YX;4609;2.25;-3.53;0.0174;-12.65
PHL	2;9E;105;5.53;-1.99;0.0;-9.37
PHL	3;B6;507;7.37;2.09;0.0197;-7.53
PHL	4;DL;2813;8.41;-1.15;0.0014;-6.49
PHL	5;AS;282;9.86;8.94;0.0319;-5.04
PHL	6;OH;5276;10.02;4.27;0.0118;-4.88
PHL	7;UA;1935;10.4;1.57;0.0119;-4.5
PHL	8;WN;2311;13.71;5.56;0.0082;-1.19
PHL	9;NK;2631;14.71;5.37;0.0114;-0.19
PHL	10;AA;20901;18.41;11.11;0.0145;3.51
PHL	11;F9;6038;22.47;16.26;0.0224;7.57
PHL	12;OO;167;25.85;18.45;0.012;10.95
PHX	1;OO;12930;2.98;0.55;0.0024;-8.85
PHX	2;MQ;3363;6.11;2.09;0.0021;-5.72
PHX	3;AS;2596;6.31;4.71;0.0331;-5.52
PHX	4;HA;184;7.44;10.64;0.0054;-4.39
PHX	5;DL;5419;7.74;-0.94;0.0018;-4.09
PHX	6;UA;5121;10.34;2.99;0.0209;-1.49
PHX	7;G4;212;10.93;7.73;0.0;-0.9
PHX	8;WN;32726;13.45;6.68;0.0058;1.62
PHX	9;AA;28562;14.83;10.02;0.0057;3.0
PHX	10;F9;4956;16.71;13.57;0.0091;4.88
PHX	11;NK;711;19.43;16.04;0.0155;7.6
PHX	12;B6;368;40.42;32.49;0.0109;28.59
PIA	1;G4;538;8.44;2.5;0.013;-8.08
PIA	2;OH;368;12.33;10.94;0.0217;-4.19
PIA	3;MQ;368;20.65;14.32;0.019;4.13
PIA	4;OO;529;24.97;20.34;0.0378;8.45
PIB	1;OO;314;18.16;8.9;0.0382;0.0
PIE	1;G4;4192;9.37;6.52;0.0074;0.0
PIH	1;OO;368;-0.38;-5.29;0.0;0.0
PIT	1;YX;4737;-1.19;-7.26;0.0127;-10.64
PIT	2;AS;231;4.46;-2.82;0.0303;-4.99
PIT	3;DL;1499;4.8;-2.37;0.002;-4.65
PIT	4;MQ;467;8.97;2.38;0.0171;-0.48
PIT	5;B6;563;9.26;4.97;0.0195;-0.19
PIT	6;G4;687;10.59;6.39;0.0029;1.14
PIT	7;WN;5140;10.71;4.99;0.0082;1.26
PIT	8;OO;422;11.02;3.7;0.0024;1.57
PIT	9;9E;1008;11.12;3.17;0.0169;1.67
PIT	10;OH;323;12.07;5.07;0.0279;2.62
PIT	11;UA;1342;13.65;9.16;0.0075;4.2
PIT	12;F9;219;14.97;17.81;0.0594;5.52
PIT	13;NK;1871;17.34;10.14;0.0182;7.89
PIT	14;AA;2972;18.47;14.68;0.0104;9.02
PLN	1;OO;394;13.62;5.49;0.0305;0.0
PNS	1;YX;9;2.25;-1.0;0.1111;-14.62
PNS	2;DL;1219;2.83;-2.98;0.0008;-14.04
PNS	3;UA;369;7.19;1.28;0.0163;-9.68
PNS	4;WN;1095;8.99;2.79;0.0055;-7.88
PNS	5;MQ;776;12.57;10.8;0.0193;-4.3
