DLG	1;AS;20;-5.95;-3.05;0.05;0.0
DLH	1;9E;85;1.36;-0.72;0.0;-14.17
DLH	2;YX;159;5.27;-2.27;0.0126;-10.26
DLH	3;DL;31;7.1;1.68;0.0;-8.43
DLH	4;OO;700;19.99;13.49;0.0143;4.46
DRO	1;OO;1349;11.04;10.13;0.0119;-0.4
DRO	2;UA;361;12.88;3.49;0.0139;1.44
DRO	3;AA;4;19.0;10.25;0.0;7.56
DSM	1;YX;518;3.6;0.56;0.0193;-12.71
DSM	2;9E;1307;8.51;1.36;0.0161;-7.8
DSM	3;UA;911;9.11;6.79;0.0165;-7.2
DSM	4;MQ;349;12.52;9.51;0.043;-3.79
DSM	5;WN;893;12.89;6.58;0.019;-3.42
DSM	6;OH;275;13.61;11.57;0.0327;-2.7
DSM	7;DL;551;16.21;6.92;0.0054;-0.1
DSM	8;OO;484;19.98;16.02;0.0248;3.67
DSM	9;F9;139;22.01;17.55;0.0288;5.7
DSM	10;G4;857;23.5;18.13;0.021;7.19
DSM	11;AA;1352;30.98;26.25;0.0222;14.67
DTW	1;YX;2188;3.64;-1.19;0.0183;-8.38
DTW	2;9E;6691;6.21;1.62;0.0063;-5.81
DTW	3;UA;1034;6.93;0.65;0.0184;-5.09
DTW	4;AS;241;8.77;6.45;0.029;-3.25
DTW	5;NK;5344;9.43;0.85;0.0127;-2.59
DTW	6;OH;537;10.5;5.95;0.0186;-1.52
DTW	7;WN;2002;10.57;3.5;0.0105;-1.45
DTW	8;MQ;242;11.02;11.37;0.0331;-1.0
DTW	9;DL;29139;11.39;5.24;0.0031;-0.63
DTW	10;B6;641;12.58;9.7;0.0078;0.56
DTW	11;OO;11370;17.8;13.31;0.0123;5.78
DTW	12;AA;2820;19.18;14.01;0.0227;7.16
DTW	13;F9;1225;23.4;15.86;0.0294;11.38
DVL	1;OO;340;19.69;14.11;0.0559;0.0
ECP	1;DL;1126;5.35;-0.33;0.0018;-7.66
ECP	2;WN;1579;10.12;6.63;0.0057;-2.89
ECP	3;OO;135;10.74;5.22;0.0148;-2.27
ECP	4;OH;472;16.6;15.77;0.0021;3.59
ECP	5;MQ;359;18.89;17.19;0.0195;5.88
ECP	6;YX;15;25.2;20.93;0.0;12.19
ECP	7;AA;492;31.51;29.17;0.0183;18.5
ECP	8;9E;24;36.92;35.21;0.0;23.91
EGE	1;DL;159;10.27;-0.27;0.0063;-11.44
EGE	2;OO;992;11.65;5.5;0.0131;-10.06
EGE	3;UA;408;14.58;9.03;0.0098;-7.13
EGE	4;AA;910;37.88;36.01;0.0132;16.17
EKO	1;OO;184;1.15;-4.44;0.0054;0.0
ELM	1;G4;143;19.06;10.85;0.0;-9.59
ELM	2;OO;361;32.47;25.48;0.0055;3.82
ELP	1;UA;135;7.4;0.78;0.0074;-4.75
ELP	2;OO;1060;7.45;5.2;0.0085;-4.7
ELP	3;WN;4259;9.78;4.1;0.0068;-2.37
ELP	4;DL;353;11.06;4.02;0.0028;-1.09
ELP	5;G4;39;15.47;12.18;0.0256;3.32
ELP	6;MQ;790;15.71;12.57;0.0139;3.56
ELP	7;F9;318;17.5;13.84;0.0157;5.35
ELP	8;AA;1323;21.01;19.37;0.0257;8.86
ESC	1;OO;314;8.39;-1.2;0.0127;0.0
EUG	1;G4;178;4.43;1.82;0.0169;-6.27
EUG	2;AS;120;6.68;2.39;0.0583;-4.02
EUG	3;OO;1222;8.35;4.06;0.0237;-2.35
EUG	4;WN;977;9.2;1.72;0.0287;-1.5
EUG	5;AA;357;13.3;9.07;0.0364;2.6
EUG	6;UA;730;17.59;13.14;0.0301;6.89
EVV	1;9E;243;4.09;-2.38;0.0082;-9.04
EVV	2;MQ;396;9.96;8.32;0.0126;-3.17
EVV	3;OO;242;19.76;17.32;0.0041;6.63
EVV	4;G4;74;30.94;23.89;0.0405;17.81
EVV	5;DL;25;36.21;26.29;0.04;23.08
EWR	1;OO;1;-4.0;9.0;0.0;-17.05
EWR	2;YX;11064;2.64;-7.83;0.0279;-10.41
EWR	3;G4;283;8.21;-5.54;0.0;-4.84
EWR	4;AS;1502;14.28;5.64;0.0406;1.23
EWR	5;UA;35297;14.31;5.99;0.0263;1.26
EWR	6;NK;5363;15.2;4.79;0.0216;2.15
EWR	7;DL;3222;15.84;8.58;0.0022;2.79
EWR	8;MQ;553;16.5;7.89;0.0524;3.45
EWR	9;9E;819;16.86;11.75;0.0305;3.81
EWR	10;B6;2844;17.23;8.76;0.0165;4.18
EWR	11;AA;3331;22.53;11.56;0.0252;9.48
EWR	12;F9;7;112.14;118.43;0.0;99.09
EYW	1;YX;697;10.33;7.2;0.0215;-14.6
EYW	2;UA;490;11.36;10.05;0.0143;-13.57
EYW	3;9E;134;17.27;16.9;0.0;-7.66
EYW	4;MQ;984;18.13;16.6;0.0203;-6.8
EYW	5;DL;613;20.36;16.67;0.0033;-4.57
EYW	6;G4;318;26.51;23.99;0.0283;1.58
EYW	7;B6;120;39.38;25.85;0.025;14.45
EYW	8;AA;1102;47.88;46.91;0.0236;22.95
FAI	1;AS;1321;2.12;-1.19;0.0144;-2.4
FAI	2;UA;103;10.83;-1.52;0.0194;6.31
FAI	3;DL;236;15.15;7.4;0.0085;10.63
FAR	1;DL;353;2.79;-6.35;0.0057;-9.69
FAR	2;G4;377;5.29;-4.84;0.0;-7.19
FAR	3;F9;175;8.95;1.66;0.0171;-3.53
FAR	4;9E;141;8.96;0.55;0.0071;-3.52
FAR	5;OO;1390;14.86;10.52;0.018;2.38
FAR	6;MQ;841;17.26;9.33;0.0143;4.78
FAT	1;MQ;19;-1.58;-4.89;0.0;-13.65
FAT	2;AS;164;3.04;-0.33;0.0366;-9.03
FAT	3;OO;3142;7.78;3.03;0.0045;-4.29
FAT	4;G4;289;7.91;10.57;0.0;-4.16
FAT	5;WN;736;14.62;10.06;0.0014;2.55
FAT	6;DL;26;15.19;2.5;0.0;3.12
FAT	7;UA;127;18.25;9.54;0.0157;6.18
FAT	8;AA;1123;24.41;20.28;0.0178;12.34
FAY	1;DL;189;3.29;-6.22;0.0;-6.16
FAY	2;OH;282;6.38;0.79;0.0177;-3.07
FAY	3;9E;119;8.79;0.02;0.0;-0.66
FAY	4;OO;60;44.88;40.34;0.0167;35.43
FCA	1;OO;648;5.62;1.0;0.0185;-7.83
FCA	2;DL;369;10.84;6.98;0.0054;-2.61
FCA	3;UA;424;14.77;9.89;0.0189;1.32
FCA	4;G4;104;32.37;31.87;0.0192;18.92
FCA	5;MQ;34;37.97;29.21;0.0;24.52
FCA	6;AA;87;43.56;34.47;0.0;30.11
FLG	1;OO;823;14.74;12.47;0.0073;0.0
FLL	1;UA;4540;13.25;7.69;0.0322;-6.18
FLL	2;DL;6447;16.27;10.73;0.0054;-3.16
FLL	3;AS;680;16.66;12.64;0.1059;-2.77
FLL	4;B6;10001;19.45;14.17;0.0167;0.02
FLL	5;WN;8253;19.49;16.01;0.0149;0.06
FLL	6;9E;14;19.64;19.64;0.0;0.21
FLL	7;G4;1832;20.93;18.6;0.0169;1.5
FLL	8;NK;13335;21.05;16.94;0.016;1.62
FLL	9;F9;938;24.57;19.74;0.0384;5.14
FLL	10;AA;3706;24.85;21.85;0.0192;5.42
FNT	1;G4;781;5.61;-1.58;0.0038;-6.18
FNT	2;OO;352;25.92;22.11;0.0341;14.13
FOD	1;OO;314;17.88;12.68;0.0318;0.0
FSD	1;YX;31;-8.42;-10.16;0.0;-19.97
FSD	2;UA;348;2.68;0.32;0.0115;-8.87
FSD	3;9E;203;7.07;3.8;0.0099;-4.48
FSD	4;OO;1251;9.29;1.89;0.0144;-2.26
FSD	5;MQ;453;11.38;5.31;0.0177;-0.17
FSD	6;F9;105;16.56;16.41;0.0;5.01
FSD	7;G4;547;16.61;9.97;0.0055;5.06
FSD	8;DL;299;17.56;12.04;0.0;6.01
FSD	9;AA;291;19.72;12.58;0.0137;8.17
FSM	1;MQ;452;17.58;17.15;0.031;-0.64
FSM	2;OO;120;20.68;14.42;0.05;2.46
FWA	1;9E;233;10.96;-2.95;0.0343;-8.58
FWA	2;MQ;428;12.41;9.71;0.0093;-7.13
FWA	3;G4;433;21.66;14.92;0.0115;2.12
FWA	4;OO;1006;23.64;16.98;0.0229;4.1
GCC	1;OO;367;7.61;0.49;0.0191;0.0
GCK	1;MQ;277;17.21;16.03;0.0253;-0.25
GCK	2;OO;91;18.25;17.8;0.0879;0.79
GEG	1;UA;456;0.43;-7.08;0.0197;-6.13
GEG	2;AS;1089;2.27;-0.35;0.0321;-4.29
GEG	3;OO;2907;3.81;0.69;0.0058;-2.75
GEG	4;DL;1399;6.44;-1.94;0.0014;-0.12
GEG	5;WN;1737;6.58;0.54;0.0017;0.02
GEG	6;G4;116;14.53;10.05;0.0172;7.97
GEG	7;AA;747;26.08;18.64;0.012;19.52
GFK	1;9E;50;4.54;-6.26;0.0;-2.35
GFK	2;OO;499;6.77;1.53;0.012;-0.12
GFK	3;G4;113;8.44;2.91;0.0088;1.55
GGG	1;OO;307;12.03;8.14;0.0098;-3.6
GGG	2;MQ;60;34.81;35.6;0.05;19.18
GJT	1;MQ;253;6.0;5.25;0.004;-5.51
GJT	2;UA;360;6.41;-2.28;0.0056;-5.1
GJT	3;OO;1105;12.92;11.37;0.0136;1.41
GJT	4;G4;63;38.3;39.32;0.0;26.79
GNV	1;DL;781;3.74;-3.05;0.0051;-5.79
GNV	2;MQ;305;5.75;2.47;0.0164;-3.78
GNV	3;9E;81;7.57;0.78;0.0;-1.96
GNV	4;OH;241;34.04;21.95;0.0207;24.51
GPT	1;9E;18;-1.67;-9.67;0.0;-12.9
