BNA	1;AS;568;8.19;1.09;0.0176;-5.46
BNA	2;OH;1430;10.94;7.75;0.0245;-2.71
BNA	3;WN;24877;12.63;5.88;0.0112;-1.02
BNA	4;MQ;1477;12.65;10.15;0.0278;-1.0
BNA	5;G4;1694;13.78;7.99;0.0165;0.13
BNA	6;UA;3003;15.43;9.52;0.0236;1.78
BNA	7;B6;658;16.21;6.32;0.0213;2.56
BNA	8;OO;1921;16.52;12.18;0.0281;2.87
BNA	9;NK;2022;18.4;9.41;0.0213;4.75
BNA	10;F9;334;18.43;17.25;0.0269;4.78
BNA	11;9E;724;18.76;14.98;0.0276;5.11
BNA	12;AA;4062;30.42;29.47;0.0288;16.77
BOI	1;AS;320;2.64;2.99;0.0094;-4.38
BOI	2;OO;5221;5.23;3.81;0.0029;-1.79
BOI	3;UA;563;6.02;1.56;0.0284;-1.0
BOI	4;NK;308;6.39;1.06;0.0227;-0.63
BOI	5;WN;2211;7.3;1.78;0.0045;0.28
BOI	6;MQ;237;7.95;4.41;0.0042;0.93
BOI	7;DL;1316;10.24;5.33;0.0008;3.22
BOI	8;AA;430;14.76;11.87;0.0163;7.74
BOI	9;G4;190;23.49;21.74;0.0105;16.47
BOS	1;9E;8;-3.71;-17.86;0.125;-15.79
BOS	2;G4;232;2.58;-7.0;0.0;-9.5
BOS	3;YX;12907;3.33;-2.48;0.0158;-8.75
BOS	4;OO;2;9.5;23.5;0.0;-2.58
BOS	5;UA;5856;9.52;0.73;0.0196;-2.56
BOS	6;AS;1207;11.74;5.29;0.029;-0.34
BOS	7;DL;12391;12.28;1.71;0.0033;0.2
BOS	8;WN;3033;12.63;2.98;0.0115;0.55
BOS	9;B6;20310;14.68;7.27;0.0127;2.6
BOS	10;MQ;887;15.67;7.08;0.0203;3.59
BOS	11;AA;8358;16.32;6.01;0.0133;4.24
BOS	12;NK;3384;20.75;11.71;0.026;8.67
BOS	13;F9;445;20.99;14.38;0.0135;8.91
BOS	14;HA;112;27.47;26.84;0.0179;15.39
BPT	1;OO;180;15.25;11.33;0.0222;-0.88
BPT	2;MQ;188;16.97;12.91;0.0213;0.84
BQK	1;9E;64;1.72;1.69;0.0;-18.33
BQK	2;OO;304;23.93;25.85;0.0033;3.88
BQN	1;F9;302;12.51;3.54;0.0099;-3.4
BQN	2;B6;898;15.77;12.12;0.0145;-0.14
BQN	3;UA;184;22.28;15.25;0.0272;6.37
BRD	1;OO;315;6.18;-0.26;0.0032;0.0
BRO	1;MQ;655;8.66;7.27;0.0229;-4.04
BRO	2;OO;308;21.3;16.16;0.0227;8.6
BRW	1;AS;184;12.72;13.97;0.0707;0.0
BTM	1;OO;341;-3.52;-11.8;0.0;0.0
BTR	1;DL;436;8.29;1.98;0.0;-7.12
BTR	2;9E;271;8.46;4.2;0.0185;-6.95
BTR	3;OO;340;15.1;11.54;0.0412;-0.31
BTR	4;OH;1005;17.98;14.65;0.0139;2.57
BTR	5;MQ;414;21.57;24.59;0.0217;6.16
BTR	6;UA;2;25.0;23.0;0.0;9.59
BTV	1;YX;668;0.24;-10.7;0.021;-9.38
BTV	2;B6;6;3.0;-0.67;0.0;-6.62
BTV	3;UA;468;8.06;2.55;0.0214;-1.56
BTV	4;MQ;51;10.06;12.55;0.0392;0.44
BTV	5;OO;25;10.56;10.92;0.0;0.94
BTV	6;9E;896;10.63;0.39;0.0257;1.01
BTV	7;DL;214;11.72;2.46;0.0047;2.1
BTV	8;OH;867;14.66;10.73;0.0208;5.04
BTV	9;AA;224;15.09;7.88;0.0134;5.47
BUF	1;YX;1540;5.39;1.16;0.037;-6.57
BUF	2;9E;912;7.71;-0.99;0.0406;-4.25
BUF	3;MQ;248;8.09;3.11;0.0161;-3.87
BUF	4;DL;1057;8.1;0.45;0.0085;-3.86
BUF	5;B6;1639;9.61;5.03;0.0268;-2.35
BUF	6;WN;2721;11.43;4.27;0.0265;-0.53
BUF	7;UA;481;16.11;9.98;0.0312;4.15
BUF	8;AA;878;19.32;15.03;0.0205;7.36
BUF	9;OO;461;19.35;13.1;0.0521;7.39
BUF	10;OH;199;24.85;23.52;0.0553;12.89
BUF	11;F9;549;30.61;23.27;0.0492;18.65
BUR	1;AS;1020;5.75;4.12;0.0304;-4.66
BUR	2;WN;8689;7.49;0.57;0.0109;-2.92
BUR	3;NK;655;12.65;7.37;0.0168;2.24
BUR	4;OO;2130;14.35;12.13;0.0146;3.94
BUR	5;UA;634;18.6;16.07;0.011;8.19
BUR	6;DL;82;23.0;12.37;0.0;12.59
BUR	7;AA;664;24.55;19.69;0.0151;14.14
BUR	8;B6;184;35.34;28.11;0.0109;24.93
BWI	1;MQ;278;2.42;-4.19;0.018;-13.44
BWI	2;YX;474;5.04;2.65;0.0105;-10.82
BWI	3;UA;1656;5.88;-0.82;0.0278;-9.98
BWI	4;B6;222;7.17;3.6;0.0225;-8.69
BWI	5;DL;2554;8.12;0.73;0.0016;-7.74
BWI	6;OH;15;12.67;10.33;0.0;-3.19
BWI	7;NK;3275;14.45;7.11;0.014;-1.41
BWI	8;AS;250;15.49;13.03;0.044;-0.37
BWI	9;WN;36343;16.69;9.84;0.0093;0.83
BWI	10;AA;1870;16.71;9.57;0.0176;0.85
BWI	11;G4;97;18.13;12.57;0.0;2.27
BWI	12;9E;273;18.19;9.06;0.0366;2.33
BWI	13;F9;1428;29.64;24.54;0.0322;13.78
BZN	1;OO;1057;6.4;5.64;0.0076;-5.52
BZN	2;AS;314;6.5;6.1;0.0191;-5.42
BZN	3;DL;847;7.16;3.03;0.0012;-4.76
BZN	4;WN;1001;9.98;4.6;0.009;-1.94
BZN	5;G4;195;11.7;5.26;0.0256;-0.22
BZN	6;UA;1058;13.41;8.75;0.0161;1.49
BZN	7;MQ;1;30.0;18.0;0.0;18.08
BZN	8;B6;69;32.64;31.31;0.029;20.72
BZN	9;AA;450;35.28;32.92;0.0022;23.36
CAE	1;DL;784;0.55;-8.05;0.0026;-7.9
CAE	2;OO;366;4.5;1.36;0.0137;-3.95
CAE	3;9E;498;7.38;1.07;0.0201;-1.07
CAE	4;OH;1019;7.7;4.81;0.0079;-0.75
CAE	5;YX;179;14.8;11.83;0.0559;6.35
CAE	6;MQ;8;21.0;26.5;0.0;12.55
CAE	7;AA;368;29.93;26.45;0.0245;21.48
CAK	1;OH;805;4.82;2.1;0.0062;-6.63
CAK	2;G4;394;12.79;6.03;0.0051;1.34
CAK	3;OO;531;20.74;18.41;0.0301;9.29
CDC	1;OO;314;7.67;1.62;0.0159;0.0
CDV	1;AS;366;-1.3;-2.77;0.0219;0.0
CHA	1;DL;685;6.86;-1.92;0.0029;-5.62
CHA	2;9E;541;9.37;3.32;0.0055;-3.11
CHA	3;OH;838;11.93;9.44;0.0119;-0.55
CHA	4;G4;121;16.63;14.07;0.0165;4.15
CHA	5;OO;549;16.84;15.22;0.0255;4.36
CHA	6;MQ;565;18.2;15.78;0.0319;5.72
CHO	1;OH;5;-7.6;-8.4;0.0;-17.12
CHO	2;DL;121;7.4;-2.92;0.0;-2.12
CHO	3;YX;283;7.92;7.11;0.0353;-1.6
CHO	4;9E;868;9.09;2.15;0.0253;-0.43
CHO	5;OO;276;13.85;12.25;0.0399;4.33
CHS	1;AS;173;1.92;-2.69;0.0347;-10.58
CHS	2;YX;1404;3.93;-2.23;0.0142;-8.57
CHS	3;OH;723;7.58;6.92;0.0124;-4.92
CHS	4;OO;45;7.6;7.73;0.0;-4.9
CHS	5;DL;1752;8.3;2.5;0.0029;-4.2
CHS	6;WN;1843;8.74;4.02;0.0038;-3.76
CHS	7;MQ;371;10.88;7.12;0.0081;-1.62
CHS	8;UA;1048;11.73;6.34;0.0134;-0.77
CHS	9;9E;956;11.83;4.13;0.0303;-0.67
CHS	10;G4;116;13.28;11.84;0.0172;0.78
CHS	11;F9;88;15.28;9.07;0.0227;2.78
CHS	12;B6;928;17.21;12.41;0.0172;4.71
CHS	13;NK;665;19.65;13.69;0.015;7.15
CHS	14;AA;2550;22.17;18.78;0.0153;9.67
CID	1;YX;91;2.36;-7.48;0.033;-16.71
CID	2;9E;49;6.88;-0.1;0.0;-12.19
CID	3;MQ;525;9.89;6.61;0.0248;-9.18
CID	4;UA;543;12.47;10.49;0.0147;-6.6
CID	5;G4;535;17.14;9.17;0.0187;-1.93
CID	6;F9;124;18.11;18.02;0.0161;-0.96
CID	7;OH;252;18.35;13.96;0.0516;-0.72
CID	8;OO;808;21.15;17.02;0.0272;2.08
CID	9;DL;184;24.75;17.57;0.0054;5.68
CID	10;AA;704;32.23;25.95;0.0384;13.16
CIU	1;OO;367;29.46;21.79;0.0191;0.0
CKB	1;G4;116;25.94;23.21;0.0086;0.0
CLE	1;AS;231;3.59;5.11;0.0303;-8.1
CLE	2;YX;1948;3.79;-0.89;0.0216;-7.9
CLE	3;UA;4434;4.6;-2.49;0.0174;-7.09
CLE	4;B6;408;6.48;2.12;0.0172;-5.21
CLE	5;WN;2558;8.03;-0.16;0.0106;-3.66
CLE	6;DL;1513;8.31;-1.86;0.0026;-3.38
CLE	7;OH;651;9.07;7.38;0.0061;-2.62
CLE	8;MQ;255;12.34;6.46;0.0235;0.65
CLE	9;NK;602;12.55;5.51;0.0133;0.86
CLE	10;9E;1403;12.87;5.53;0.0221;1.18
CLE	11;AA;2374;15.83;11.18;0.0244;4.14
CLE	12;OO;795;15.98;9.59;0.0151;4.29
CLE	13;F9;3270;27.58;20.25;0.0257;15.89
CLL	1;MQ;477;12.57;7.87;0.0273;-2.1
CLL	2;OO;74;28.96;34.85;0.0811;14.29
CLT	1;YX;1220;7.75;4.08;0.0082;-10.22
CLT	2;DL;2956;9.04;-0.54;0.001;-8.93
CLT	3;OH;26082;9.89;6.5;0.008;-8.08
CLT	4;UA;2067;11.56;7.17;0.016;-6.41
CLT	5;9E;1427;12.92;7.13;0.0385;-5.05
CLT	6;B6;336;14.26;5.29;0.0208;-3.71
CLT	7;WN;1623;15.76;10.32;0.0062;-2.21
CLT	8;MQ;3196;17.61;15.78;0.0119;-0.36
CLT	9;OO;57;20.12;9.09;0.0;2.15
CLT	10;AA;63960;21.72;17.93;0.0091;3.75
CLT	11;NK;2604;23.89;18.25;0.0223;5.92
CLT	12;F9;1341;33.54;33.27;0.0343;15.57
CMH	1;YX;5605;1.22;-4.7;0.0136;-8.09
CMH	2;DL;1473;5.39;-1.21;0.0027;-3.92
CMH	3;9E;161;8.25;-2.68;0.0062;-1.06
CMH	4;AS;220;8.97;1.08;0.0364;-0.34
CMH	5;WN;6126;10.63;3.77;0.0088;1.32
CMH	6;MQ;1464;12.65;7.8;0.0102;3.34
CMH	7;OO;578;13.46;6.65;0.0035;4.15
CMH	8;NK;1261;14.05;5.6;0.0159;4.74
CMH	9;OH;421;14.88;6.79;0.0048;5.57
CMH	10;UA;1265;16.48;12.93;0.0142;7.17
CMH	11;AA;1733;19.22;13.69;0.0179;9.91
CMH	12;F9;126;20.49;16.56;0.0159;11.18
CMI	1;MQ;731;20.51;13.89;0.0274;0.0
CMX	1;OO;367;16.94;12.35;0.0681;0.0
CNY	1;OO;31;3.41;-1.86;0.0645;0.0
COD	1;OO;134;17.86;13.82;0.0149;0.0
COS	1;OO;2307;7.95;2.06;0.0169;-2.99
COS	2;DL;210;8.0;1.7;0.0;-2.94
COS	3;UA;354;9.25;8.98;0.0169;-1.69
COS	4;WN;2509;10.87;5.62;0.0072;-0.07
COS	5;AA;543;22.91;23.36;0.0331;11.97
COS	6;MQ;146;23.82;19.54;0.0068;12.88
COU	1;MQ;858;13.11;10.51;0.0361;0.0
CPR	1;OO;483;8.37;-1.43;0.0062;0.0
CRP	1;OO;32;2.59;-1.44;0.0;-8.36
CRP	2;WN;662;8.21;2.6;0.0106;-2.74
CRP	3;MQ;1255;12.65;12.69;0.0279;1.7
CRW	1;9E;101;0.95;-9.4;0.0;-20.02
CRW	2;OH;728;13.4;9.9;0.0137;-7.57
CRW	3;OO;839;30.04;24.13;0.0191;9.07
CSG	1;9E;112;4.08;-1.59;0.0;-11.16
CSG	2;OO;398;18.41;13.59;0.0075;3.17
CVG	1;YX;2890;2.68;-3.07;0.0145;-7.56
CVG	2;AS;175;5.93;0.05;0.0686;-4.31
CVG	3;DL;3431;6.78;-1.67;0.0006;-3.46
CVG	4;9E;3615;7.48;1.14;0.0119;-2.76
CVG	5;UA;1055;8.5;4.92;0.0076;-1.74
CVG	6;WN;1114;9.51;3.36;0.009;-0.73
CVG	7;OO;147;12.14;3.37;0.0204;1.9
CVG	8;OH;1059;12.27;11.12;0.0066;2.03
CVG	9;MQ;1404;12.7;10.62;0.01;2.46
CVG	10;G4;1716;12.88;7.74;0.0047;2.64
CVG	11;F9;2492;17.95;12.88;0.0197;7.71
CVG	12;AA;1710;20.61;14.46;0.0216;10.37
CWA	1;9E;368;3.32;-3.9;0.0082;0.0
CYS	1;OO;341;11.03;-0.15;0.0323;0.0
DAB	1;DL;749;8.2;2.56;0.0;-1.88
DAB	2;AA;315;11.96;6.98;0.0095;1.88
DAB	3;OH;399;12.07;5.81;0.015;1.99
DAB	4;MQ;9;15.0;10.56;0.0;4.92
DAL	1;AS;182;1.43;-4.69;0.0495;-14.5
DAL	2;DL;1052;11.28;5.3;0.001;-4.65
DAL	3;WN;35542;16.14;10.1;0.0151;0.21
DAY	1;YX;212;1.04;-1.48;0.0094;-8.14
DAY	2;DL;552;2.3;-9.15;0.0036;-6.88
DAY	3;9E;278;2.43;-8.25;0.0144;-6.75
DAY	4;OH;1836;8.65;5.55;0.0114;-0.53
DAY	5;OO;736;15.29;11.49;0.0163;6.11
DAY	6;MQ;94;21.79;15.28;0.0213;12.61
DAY	7;G4;147;27.96;22.97;0.0136;18.78
DCA	1;YX;13517;3.7;-2.61;0.0163;-8.46
DCA	2;AS;920;6.55;-0.62;0.012;-5.61
DCA	3;F9;551;10.45;-0.94;0.0145;-1.71
DCA	4;DL;4510;10.52;1.74;0.0051;-1.64
DCA	5;OO;112;11.27;1.18;0.0089;-0.89
DCA	6;9E;1066;11.71;4.32;0.0141;-0.45
DCA	7;OH;18052;12.1;6.86;0.0199;-0.06
DCA	8;MQ;2267;12.88;6.85;0.0146;0.72
DCA	9;WN;7934;13.5;4.65;0.0151;1.34
DCA	10;UA;3101;13.52;6.08;0.0174;1.36
DCA	11;B6;4478;14.93;6.67;0.0134;2.77
DCA	12;AA;13937;19.38;13.03;0.0144;7.22
DDC	1;OO;314;20.69;19.21;0.0414;0.0
DEC	1;OO;467;33.91;27.16;0.0385;0.0
DEN	1;AS;980;9.2;6.71;0.0255;-6.08
DEN	2;DL;6371;9.67;2.14;0.0013;-5.61
DEN	3;OO;26395;11.46;6.73;0.02;-3.82
DEN	4;UA;49910;14.51;9.63;0.0163;-0.77
DEN	5;WN;49905;17.5;11.86;0.0119;2.22
DEN	6;G4;216;18.16;11.3;0.0185;2.88
DEN	7;F9;11823;18.22;12.57;0.0168;2.94
DEN	8;AA;4311;21.26;17.15;0.0169;5.98
DEN	9;MQ;28;22.14;21.21;0.0;6.86
DEN	10;B6;522;28.28;25.49;0.0077;13.0
DEN	11;NK;36;44.25;37.86;0.0;28.97
DFW	1;OO;9813;9.89;6.38;0.0308;-11.86
DFW	2;MQ;34927;11.64;8.33;0.0247;-10.11
DFW	3;AS;1089;16.11;15.27;0.034;-5.64
DFW	4;DL;5969;18.02;11.58;0.0037;-3.73
DFW	5;UA;3944;18.98;14.44;0.0188;-2.77
DFW	6;NK;4913;20.08;14.42;0.013;-1.67
DFW	7;OH;4559;22.17;18.25;0.034;0.42
DFW	8;F9;4793;25.83;24.14;0.0334;4.08
DFW	9;AA;83176;27.67;23.14;0.0267;5.92
DFW	10;YX;18;36.89;25.06;0.0;15.14
DFW	11;B6;184;44.93;45.62;0.0109;23.18
DHN	1;9E;260;9.17;4.82;0.0;-1.38
DHN	2;OO;108;13.87;14.03;0.0;3.32
DIK	1;OO;334;12.21;-0.69;0.0389;0.0
